1,2091,351,124,138,57,-1,-1
1,2094,195,120,128,58,-1,-1
2,2091,351,124,138,57,-1,-1
2,2094,195,120,128,58,-1,-1
3,2091,351,124,138,57,-1,-1
3,2094,195,120,128,58,-1,-1
4,2091,351,124,138,57,-1,-1
4,2094,195,120,128,58,-1,-1
5,2091,351,124,138,57,-1,-1
5,2092,281,119,68,45,-1,-1
5,2068,1559,378,351,228,-1,-1
5,2094,195,120,128,58,-1,-1
6,2091,351,124,138,57,-1,-1
6,2092,281,119,68,45,-1,-1
6,2068,1538,373,373,233,-1,-1
6,2094,195,120,128,58,-1,-1
7,2091,351,124,138,57,-1,-1
7,2092,281,119,68,45,-1,-1
7,2068,1517,368,396,238,-1,-1
7,2094,195,120,128,58,-1,-1
8,2091,351,124,138,57,-1,-1
8,2092,281,119,68,45,-1,-1
8,2068,1495,364,421,242,-1,-1
8,2094,195,120,128,58,-1,-1
9,2091,351,124,138,57,-1,-1
9,2092,281,119,68,45,-1,-1
9,2068,1473,359,446,246,-1,-1
9,2094,195,120,128,58,-1,-1
10,2091,351,124,138,57,-1,-1
10,2092,281,119,68,45,-1,-1
10,2068,1449,354,470,249,-1,-1
10,2094,195,120,128,58,-1,-1
11,2091,351,124,138,57,-1,-1
11,2092,281,119,68,45,-1,-1
11,2068,1425,349,493,251,-1,-1
11,2094,195,120,128,58,-1,-1
12,2091,351,124,138,57,-1,-1
12,2092,281,119,68,45,-1,-1
12,2068,1400,344,513,253,-1,-1
12,2094,195,120,128,58,-1,-1
13,2091,351,124,138,57,-1,-1
13,2092,281,119,68,45,-1,-1
13,2068,1374,339,528,253,-1,-1
13,2094,195,120,128,58,-1,-1
14,2091,351,124,138,57,-1,-1
14,2092,281,119,68,45,-1,-1
14,2068,1347,334,538,253,-1,-1
14,2094,195,120,128,58,-1,-1
15,2091,351,124,138,57,-1,-1
15,2092,281,119,68,45,-1,-1
15,2068,1319,329,543,252,-1,-1
15,2094,195,120,128,58,-1,-1
16,2091,351,124,138,57,-1,-1
16,2092,281,119,68,45,-1,-1
16,2068,1291,324,545,250,-1,-1
16,2094,195,120,128,58,-1,-1
17,2091,351,124,138,57,-1,-1
17,2092,281,119,68,45,-1,-1
17,2068,1262,319,544,248,-1,-1
17,2094,195,120,128,58,-1,-1
18,2091,351,124,138,57,-1,-1
18,2092,281,119,68,45,-1,-1
18,2068,1232,314,541,245,-1,-1
18,2094,195,120,128,58,-1,-1
19,2091,351,124,138,57,-1,-1
19,2092,281,119,68,45,-1,-1
19,2068,1202,309,537,242,-1,-1
19,2094,195,120,128,58,-1,-1
20,2091,351,124,138,57,-1,-1
20,2092,281,119,68,45,-1,-1
20,2068,1171,303,532,238,-1,-1
20,2094,195,120,128,58,-1,-1
21,2091,351,124,138,57,-1,-1
21,2092,281,119,68,45,-1,-1
21,2068,1140,298,528,235,-1,-1
21,2094,195,120,128,58,-1,-1
22,2091,351,124,138,57,-1,-1
22,2092,281,119,68,45,-1,-1
22,2068,1109,293,523,231,-1,-1
22,2094,195,120,128,58,-1,-1
23,2091,351,124,138,57,-1,-1
23,2092,281,119,68,45,-1,-1
23,2068,1077,288,517,227,-1,-1
23,2094,195,120,128,58,-1,-1
24,2091,351,124,138,57,-1,-1
24,2092,281,119,68,45,-1,-1
24,2068,1046,283,511,223,-1,-1
24,2094,195,120,128,58,-1,-1
25,2091,351,124,138,57,-1,-1
25,2092,281,119,68,45,-1,-1
25,2068,1015,278,505,220,-1,-1
25,2094,195,120,128,58,-1,-1
26,2091,351,124,138,57,-1,-1
26,2092,281,119,68,45,-1,-1
26,2068,983,273,497,216,-1,-1
26,2094,195,120,128,58,-1,-1
27,2091,351,124,138,57,-1,-1
27,2092,281,119,68,45,-1,-1
27,2068,952,269,490,213,-1,-1
27,2094,195,120,128,58,-1,-1
28,2091,351,124,138,57,-1,-1
28,2092,281,119,68,45,-1,-1
28,2068,922,264,482,210,-1,-1
28,2094,195,120,128,58,-1,-1
29,2091,351,124,138,57,-1,-1
29,2092,281,119,68,45,-1,-1
29,2068,891,259,475,207,-1,-1
29,2094,195,120,128,58,-1,-1
30,2091,351,124,138,57,-1,-1
30,2092,281,119,68,45,-1,-1
30,2068,861,255,467,204,-1,-1
30,2094,195,120,128,58,-1,-1
31,2091,351,124,138,57,-1,-1
31,2092,281,119,68,45,-1,-1
31,2068,831,251,458,200,-1,-1
31,2094,195,120,128,58,-1,-1
32,2091,351,124,138,57,-1,-1
32,2092,281,119,68,45,-1,-1
32,2068,802,246,449,197,-1,-1
32,2094,195,120,128,58,-1,-1
33,2091,351,124,138,57,-1,-1
33,2092,281,119,68,45,-1,-1
33,2068,773,242,439,194,-1,-1
33,2094,195,120,128,58,-1,-1
34,2091,351,124,138,57,-1,-1
34,2092,281,119,68,45,-1,-1
34,2068,745,238,428,190,-1,-1
34,2094,195,120,128,58,-1,-1
35,2091,351,124,138,57,-1,-1
35,2092,281,119,68,45,-1,-1
35,2068,717,234,417,186,-1,-1
35,2094,195,120,128,58,-1,-1
36,2091,351,124,138,57,-1,-1
36,2092,281,119,68,45,-1,-1
36,2068,690,231,407,182,-1,-1
36,2094,195,120,128,58,-1,-1
37,2091,351,124,138,57,-1,-1
37,2092,281,119,68,45,-1,-1
37,2068,664,227,397,178,-1,-1
37,2094,195,120,128,58,-1,-1
38,2091,351,124,138,57,-1,-1
38,2092,281,119,68,45,-1,-1
38,2068,637,224,388,174,-1,-1
38,2094,195,120,128,58,-1,-1
39,2091,351,124,138,57,-1,-1
39,2092,281,119,68,45,-1,-1
39,2068,612,220,379,170,-1,-1
39,2094,195,120,128,58,-1,-1
40,2091,351,124,138,57,-1,-1
40,2092,281,119,68,45,-1,-1
40,2068,586,217,370,166,-1,-1
40,2094,195,120,128,58,-1,-1
41,2091,351,124,138,57,-1,-1
41,2092,281,119,67,45,-1,-1
41,2068,562,214,361,162,-1,-1
41,2094,195,120,128,58,-1,-1
42,2091,351,124,138,57,-1,-1
42,2092,281,119,67,45,-1,-1
42,2068,537,212,351,158,-1,-1
42,2094,195,120,128,58,-1,-1
43,2091,351,124,138,57,-1,-1
43,2092,281,119,67,45,-1,-1
43,2068,514,209,340,154,-1,-1
43,2094,195,120,128,58,-1,-1
44,2091,351,124,138,57,-1,-1
44,2092,281,119,67,45,-1,-1
44,2068,491,206,328,150,-1,-1
44,2094,195,120,128,58,-1,-1
45,2091,351,124,138,57,-1,-1
45,2092,281,119,67,45,-1,-1
45,2068,468,204,317,146,-1,-1
45,2094,195,120,127,58,-1,-1
46,2091,351,124,138,57,-1,-1
46,2092,281,119,67,45,-1,-1
46,2068,447,202,305,142,-1,-1
46,2094,195,120,127,58,-1,-1
47,2091,351,124,138,57,-1,-1
47,2092,281,119,67,45,-1,-1
47,2068,425,200,294,138,-1,-1
47,2094,195,120,127,58,-1,-1
48,2091,351,124,138,57,-1,-1
48,2092,281,119,67,45,-1,-1
48,2068,405,198,283,135,-1,-1
48,2094,195,120,127,58,-1,-1
49,2091,351,124,138,57,-1,-1
49,2092,281,119,67,45,-1,-1
49,2068,385,196,273,131,-1,-1
49,2094,195,120,127,58,-1,-1
50,2091,351,124,138,57,-1,-1
50,2092,281,119,67,45,-1,-1
50,2068,366,194,263,127,-1,-1
50,2094,195,120,127,58,-1,-1
51,2091,351,124,138,57,-1,-1
51,2092,281,119,67,45,-1,-1
51,2068,347,193,254,124,-1,-1
51,2094,195,120,127,58,-1,-1
52,2091,351,124,138,57,-1,-1
52,2092,281,119,67,45,-1,-1
52,2068,329,191,246,120,-1,-1
52,2094,195,120,127,58,-1,-1
53,2091,351,124,138,57,-1,-1
53,2092,281,119,67,45,-1,-1
53,2068,312,190,238,117,-1,-1
53,2094,195,120,127,58,-1,-1
54,2091,351,124,138,57,-1,-1
54,2092,281,119,67,45,-1,-1
54,2068,295,188,229,114,-1,-1
54,2094,195,120,127,58,-1,-1
55,2091,351,124,138,57,-1,-1
55,2092,281,119,67,45,-1,-1
55,2068,278,187,221,111,-1,-1
55,2094,195,120,127,58,-1,-1
56,2091,351,124,138,57,-1,-1
56,2092,281,119,67,45,-1,-1
56,2068,263,186,213,108,-1,-1
56,2094,195,120,127,58,-1,-1
57,2091,351,124,138,57,-1,-1
57,2092,281,119,67,45,-1,-1
57,2068,247,185,206,106,-1,-1
57,2094,195,120,127,58,-1,-1
58,2091,351,124,138,57,-1,-1
58,2092,281,119,67,45,-1,-1
58,2068,232,184,198,104,-1,-1
58,2094,195,120,127,58,-1,-1
59,2091,351,124,138,57,-1,-1
59,2092,281,119,67,45,-1,-1
59,2068,218,183,191,101,-1,-1
59,2094,195,120,127,58,-1,-1
60,2091,351,124,138,57,-1,-1
60,2092,281,119,67,45,-1,-1
60,2068,204,182,185,100,-1,-1
60,2094,195,120,127,58,-1,-1
61,2091,351,124,138,57,-1,-1
61,2092,281,119,67,45,-1,-1
61,2068,190,181,179,98,-1,-1
61,2094,195,120,127,58,-1,-1
62,2091,351,124,138,57,-1,-1
62,2092,281,119,67,45,-1,-1
62,2068,177,181,173,96,-1,-1
62,2094,195,120,127,58,-1,-1
63,2091,351,124,138,57,-1,-1
63,2092,281,119,67,45,-1,-1
63,2068,164,180,167,95,-1,-1
63,2094,195,120,127,58,-1,-1
64,2091,351,124,138,57,-1,-1
64,2092,281,119,67,45,-1,-1
64,2068,151,179,162,94,-1,-1
64,2094,194,120,127,58,-1,-1
65,2091,351,124,138,57,-1,-1
65,2092,281,119,67,45,-1,-1
65,2068,139,179,157,92,-1,-1
65,2094,194,120,127,58,-1,-1
66,2091,351,124,138,57,-1,-1
66,2092,281,119,67,45,-1,-1
66,2068,127,178,152,91,-1,-1
66,2094,194,120,127,58,-1,-1
67,2091,351,124,138,57,-1,-1
67,2092,281,119,67,45,-1,-1
67,2068,115,178,147,89,-1,-1
67,2094,194,120,127,58,-1,-1
68,2091,351,124,138,57,-1,-1
68,2092,281,119,67,45,-1,-1
68,2068,104,178,142,88,-1,-1
68,2094,194,120,127,58,-1,-1
69,2091,351,124,138,57,-1,-1
69,2092,281,119,67,45,-1,-1
69,2068,93,177,139,86,-1,-1
69,2094,194,120,127,58,-1,-1
70,2091,351,124,138,57,-1,-1
70,2092,281,119,67,45,-1,-1
70,2068,82,177,135,84,-1,-1
70,2094,194,120,127,58,-1,-1
71,2091,351,124,138,57,-1,-1
71,2092,281,119,67,45,-1,-1
71,2068,72,177,132,82,-1,-1
71,2094,194,120,127,58,-1,-1
72,2091,351,124,138,57,-1,-1
72,2092,281,119,67,45,-1,-1
72,2068,63,177,129,80,-1,-1
72,2094,194,120,127,58,-1,-1
73,2091,351,124,138,57,-1,-1
73,2092,281,119,67,45,-1,-1
73,2068,54,176,125,78,-1,-1
73,2094,194,120,127,58,-1,-1
74,2091,351,124,138,57,-1,-1
74,2092,281,119,67,45,-1,-1
74,2068,46,176,121,76,-1,-1
74,2094,194,120,127,58,-1,-1
75,2091,351,124,138,57,-1,-1
75,2092,281,119,67,45,-1,-1
75,2068,38,176,116,74,-1,-1
75,2094,194,120,127,58,-1,-1
76,2091,351,124,138,57,-1,-1
76,2092,281,119,67,45,-1,-1
76,2068,31,176,110,73,-1,-1
76,2094,194,120,127,58,-1,-1
77,2091,351,124,138,57,-1,-1
77,2092,281,119,67,45,-1,-1
77,2068,24,176,104,71,-1,-1
77,2094,194,120,127,58,-1,-1
78,2091,351,124,138,57,-1,-1
78,2092,281,119,67,45,-1,-1
78,2068,19,176,98,69,-1,-1
78,2094,194,120,127,58,-1,-1
79,2091,351,124,138,57,-1,-1
79,2092,281,119,67,45,-1,-1
79,2068,14,176,92,68,-1,-1
79,2094,194,120,127,58,-1,-1
80,2091,351,124,138,57,-1,-1
80,2092,281,119,67,45,-1,-1
80,2068,10,176,86,66,-1,-1
80,2094,194,120,127,58,-1,-1
81,2091,351,124,138,57,-1,-1
81,2092,281,119,67,45,-1,-1
81,2068,6,175,80,65,-1,-1
81,2094,194,120,127,58,-1,-1
82,2091,351,124,138,57,-1,-1
82,2092,281,119,67,45,-1,-1
82,2068,3,175,74,63,-1,-1
82,2094,194,120,127,58,-1,-1
83,2091,351,124,138,57,-1,-1
83,2092,281,119,67,45,-1,-1
83,2068,0,175,68,61,-1,-1
83,2094,194,120,127,58,-1,-1
84,2091,351,124,138,57,-1,-1
84,2092,281,119,67,45,-1,-1
84,2068,-2,175,61,59,-1,-1
84,2094,194,120,127,58,-1,-1
85,2091,351,124,138,57,-1,-1
85,2092,281,119,67,45,-1,-1
85,2094,194,120,127,58,-1,-1
86,2091,351,124,138,57,-1,-1
86,2092,281,119,67,45,-1,-1
86,2094,194,120,127,57,-1,-1
87,2091,351,124,138,57,-1,-1
87,2092,281,119,67,45,-1,-1
87,2094,194,120,127,57,-1,-1
88,2091,351,124,138,57,-1,-1
88,2092,281,119,67,45,-1,-1
88,2094,194,120,127,57,-1,-1
89,2091,351,124,138,57,-1,-1
89,2092,281,119,67,45,-1,-1
89,2094,194,120,127,57,-1,-1
90,2091,351,124,138,57,-1,-1
90,2092,281,119,67,45,-1,-1
90,2094,194,120,127,57,-1,-1
91,2091,351,124,138,57,-1,-1
91,2092,281,119,67,45,-1,-1
91,2094,194,120,127,57,-1,-1
92,2091,351,124,138,57,-1,-1
92,2092,281,119,67,45,-1,-1
92,2094,194,120,127,57,-1,-1
93,2091,351,124,138,57,-1,-1
93,2092,281,119,67,45,-1,-1
93,2094,194,120,127,57,-1,-1
94,2091,351,124,138,57,-1,-1
94,2092,281,119,67,45,-1,-1
94,2094,194,120,127,57,-1,-1
95,2091,351,124,138,57,-1,-1
95,2092,281,119,67,45,-1,-1
95,2094,194,120,127,57,-1,-1
96,2091,351,124,138,57,-1,-1
96,2092,281,119,67,45,-1,-1
96,2094,194,120,127,57,-1,-1
97,2091,351,124,138,57,-1,-1
97,2092,281,119,67,45,-1,-1
97,2094,194,120,127,57,-1,-1
98,2091,351,124,138,57,-1,-1
98,2092,281,119,67,45,-1,-1
98,2094,194,120,127,57,-1,-1
99,2091,351,124,138,57,-1,-1
99,2092,281,119,67,45,-1,-1
99,2094,194,120,127,57,-1,-1
100,2091,351,124,138,57,-1,-1
100,2092,281,119,67,45,-1,-1
100,2094,194,120,127,57,-1,-1
101,2091,351,124,138,57,-1,-1
101,2092,281,119,67,45,-1,-1
101,2094,194,120,127,57,-1,-1
102,2091,351,124,138,57,-1,-1
102,2092,281,119,67,45,-1,-1
102,2094,194,120,127,57,-1,-1
103,2091,351,124,138,57,-1,-1
103,2092,281,119,67,45,-1,-1
103,2094,194,120,127,57,-1,-1
104,2091,351,124,138,57,-1,-1
104,2092,281,119,67,45,-1,-1
104,2094,194,120,127,57,-1,-1
105,2091,351,124,138,57,-1,-1
105,2092,281,119,67,45,-1,-1
105,2094,194,120,127,57,-1,-1
106,2091,351,124,138,57,-1,-1
106,2092,281,119,67,45,-1,-1
106,2094,194,120,126,57,-1,-1
107,2091,351,124,138,57,-1,-1
107,2092,281,119,67,45,-1,-1
107,2094,194,120,126,57,-1,-1
108,2091,351,124,138,57,-1,-1
108,2092,281,119,67,45,-1,-1
108,2094,194,120,126,57,-1,-1
109,2091,351,124,138,57,-1,-1
109,2092,281,119,67,45,-1,-1
109,2094,194,120,126,57,-1,-1
110,2091,351,124,138,57,-1,-1
110,2092,281,120,67,45,-1,-1
110,2094,194,120,126,57,-1,-1
111,2091,351,124,138,57,-1,-1
111,2092,281,120,67,45,-1,-1
111,2094,194,120,126,57,-1,-1
112,2091,351,124,138,57,-1,-1
112,2092,281,120,67,45,-1,-1
112,2094,194,120,126,57,-1,-1
113,2091,351,124,138,57,-1,-1
113,2092,281,120,67,45,-1,-1
113,2094,194,120,126,57,-1,-1
114,2091,351,124,138,57,-1,-1
114,2092,281,120,67,45,-1,-1
114,2094,194,120,126,57,-1,-1
115,2091,351,124,138,57,-1,-1
115,2092,281,120,67,45,-1,-1
115,2094,194,120,126,57,-1,-1
116,2091,351,124,138,57,-1,-1
116,2092,282,120,67,45,-1,-1
116,2094,194,120,126,57,-1,-1
117,2091,351,124,138,57,-1,-1
117,2092,282,120,67,45,-1,-1
117,2094,194,120,126,57,-1,-1
118,2091,351,124,138,57,-1,-1
118,2092,282,120,67,45,-1,-1
118,2094,194,120,126,57,-1,-1
119,2091,351,124,138,57,-1,-1
119,2092,282,120,67,45,-1,-1
119,2094,194,120,126,57,-1,-1
119,1809,6,201,75,96,-1,-1
120,2091,351,124,138,57,-1,-1
120,2092,282,120,67,45,-1,-1
120,2094,194,120,126,57,-1,-1
120,1809,6,201,88,99,-1,-1
121,2091,351,124,138,57,-1,-1
121,2092,282,120,67,45,-1,-1
121,2094,194,120,126,57,-1,-1
121,1809,6,202,97,102,-1,-1
122,2091,351,124,138,57,-1,-1
122,2092,282,120,67,45,-1,-1
122,2094,194,120,126,57,-1,-1
122,1809,7,202,104,104,-1,-1
123,2091,351,125,138,57,-1,-1
123,2092,282,120,67,45,-1,-1
123,2094,194,120,126,57,-1,-1
123,1809,8,203,110,106,-1,-1
124,2091,351,125,138,57,-1,-1
124,2092,282,120,67,45,-1,-1
124,2094,194,120,126,57,-1,-1
124,1809,9,204,116,107,-1,-1
125,2091,351,125,138,57,-1,-1
125,2092,282,120,67,45,-1,-1
125,2094,194,120,126,57,-1,-1
125,1809,11,204,124,108,-1,-1
126,2091,351,125,138,57,-1,-1
126,2092,282,120,67,45,-1,-1
126,2094,194,120,126,57,-1,-1
126,1809,14,205,132,110,-1,-1
127,2091,351,125,138,57,-1,-1
127,2092,282,120,67,45,-1,-1
127,2094,194,120,126,57,-1,-1
127,1809,18,206,139,112,-1,-1
128,2091,351,125,138,57,-1,-1
128,2092,282,120,67,45,-1,-1
128,2094,194,120,126,57,-1,-1
128,1809,24,206,145,114,-1,-1
129,2091,351,125,138,57,-1,-1
129,2092,282,120,67,45,-1,-1
129,2094,194,120,126,57,-1,-1
129,1809,30,207,149,116,-1,-1
130,2091,352,125,138,57,-1,-1
130,2092,282,120,67,45,-1,-1
130,2094,194,120,126,57,-1,-1
130,1809,36,209,151,118,-1,-1
131,2091,352,125,138,57,-1,-1
131,2092,282,120,67,45,-1,-1
131,2094,194,120,126,57,-1,-1
131,1809,43,210,154,119,-1,-1
132,2091,352,125,138,57,-1,-1
132,2092,282,120,67,45,-1,-1
132,2094,194,120,126,57,-1,-1
132,1809,50,211,158,120,-1,-1
133,2091,352,125,138,57,-1,-1
133,2092,282,120,67,45,-1,-1
133,2094,194,120,126,57,-1,-1
133,1809,56,212,163,120,-1,-1
134,2091,352,125,138,57,-1,-1
134,2092,282,120,67,45,-1,-1
134,2094,194,120,126,57,-1,-1
134,1809,62,214,168,121,-1,-1
135,2091,352,125,138,57,-1,-1
135,2092,282,120,67,45,-1,-1
135,2094,194,120,126,57,-1,-1
135,1809,67,215,172,122,-1,-1
136,2091,352,125,138,57,-1,-1
136,2092,282,120,67,45,-1,-1
136,2094,194,120,126,57,-1,-1
136,1809,72,216,177,123,-1,-1
137,2091,352,125,138,57,-1,-1
137,2092,282,120,67,45,-1,-1
137,2094,194,120,126,57,-1,-1
137,1809,76,217,182,124,-1,-1
138,2091,352,125,138,57,-1,-1
138,2092,282,120,67,45,-1,-1
138,2094,194,120,126,57,-1,-1
138,1809,80,219,188,126,-1,-1
139,2091,352,125,138,57,-1,-1
139,2092,282,120,67,45,-1,-1
139,2094,194,120,126,57,-1,-1
139,1809,84,220,193,128,-1,-1
140,2091,352,125,138,57,-1,-1
140,2092,282,120,67,45,-1,-1
140,2094,194,120,126,57,-1,-1
140,1809,88,220,197,129,-1,-1
141,2091,352,125,138,57,-1,-1
141,2092,282,120,67,45,-1,-1
141,2094,194,120,126,57,-1,-1
141,1809,92,221,201,130,-1,-1
142,2091,352,125,138,57,-1,-1
142,2092,282,120,67,45,-1,-1
142,2094,194,120,126,57,-1,-1
142,1809,96,222,205,132,-1,-1
143,2091,352,125,138,57,-1,-1
143,2092,282,120,67,45,-1,-1
143,2094,194,120,126,57,-1,-1
143,1809,100,222,208,133,-1,-1
144,2091,352,125,138,57,-1,-1
144,2092,282,120,67,45,-1,-1
144,2094,194,120,126,57,-1,-1
144,1809,105,223,210,135,-1,-1
145,2091,352,125,138,57,-1,-1
145,2092,282,120,67,45,-1,-1
145,2094,194,120,126,57,-1,-1
145,1809,110,223,211,136,-1,-1
146,2091,352,125,138,57,-1,-1
146,2092,282,120,67,45,-1,-1
146,2094,194,120,126,57,-1,-1
146,1809,115,223,214,138,-1,-1
147,2091,352,125,138,57,-1,-1
147,2092,282,120,67,45,-1,-1
147,2094,194,120,126,57,-1,-1
147,1809,120,223,218,139,-1,-1
148,2091,352,125,138,57,-1,-1
148,2092,282,120,67,45,-1,-1
148,2094,194,120,126,57,-1,-1
148,1809,126,223,223,140,-1,-1
149,2091,352,125,138,57,-1,-1
149,2092,282,120,67,45,-1,-1
149,2094,194,120,126,57,-1,-1
149,1809,131,223,228,142,-1,-1
150,2091,352,125,138,57,-1,-1
150,2092,282,120,67,45,-1,-1
150,2094,194,120,126,57,-1,-1
150,1809,136,223,231,144,-1,-1
151,2091,352,125,138,57,-1,-1
151,2092,282,120,67,45,-1,-1
151,2094,194,120,126,57,-1,-1
151,1809,141,223,234,147,-1,-1
152,2091,352,125,138,57,-1,-1
152,2092,282,120,67,45,-1,-1
152,2094,194,120,126,57,-1,-1
152,1809,146,224,236,150,-1,-1
153,2091,352,125,138,57,-1,-1
153,2092,282,120,67,45,-1,-1
153,2094,194,120,126,57,-1,-1
153,1809,151,224,240,154,-1,-1
154,2091,352,125,138,57,-1,-1
154,2092,282,120,67,45,-1,-1
154,2094,194,120,126,57,-1,-1
154,1809,158,225,245,156,-1,-1
155,2091,352,125,138,57,-1,-1
155,2092,282,120,67,45,-1,-1
155,2094,194,120,126,57,-1,-1
155,1809,165,225,252,159,-1,-1
156,2091,352,125,138,57,-1,-1
156,2092,282,120,67,45,-1,-1
156,2094,194,120,126,57,-1,-1
156,1809,173,226,259,162,-1,-1
157,2091,352,125,138,57,-1,-1
157,2092,282,120,67,45,-1,-1
157,2094,194,120,126,57,-1,-1
157,1809,181,226,264,166,-1,-1
158,2091,352,125,138,57,-1,-1
158,2092,282,120,67,45,-1,-1
158,2094,194,120,126,57,-1,-1
158,1809,191,227,269,169,-1,-1
159,2091,352,125,138,57,-1,-1
159,2092,282,120,67,45,-1,-1
159,2094,194,120,126,57,-1,-1
159,1809,201,228,275,172,-1,-1
160,2091,352,125,138,57,-1,-1
160,2092,282,120,67,45,-1,-1
160,2094,194,120,126,57,-1,-1
160,1809,212,229,282,176,-1,-1
161,2091,352,125,138,57,-1,-1
161,2092,282,120,67,45,-1,-1
161,2094,194,120,126,57,-1,-1
161,1809,224,231,293,179,-1,-1
162,2091,352,125,138,57,-1,-1
162,2092,282,120,67,45,-1,-1
162,2094,194,120,126,57,-1,-1
162,1809,237,232,305,182,-1,-1
163,2091,352,125,138,57,-1,-1
163,2092,282,120,67,45,-1,-1
163,2094,194,120,126,57,-1,-1
163,1809,251,234,318,187,-1,-1
164,2091,352,125,138,57,-1,-1
164,2092,282,120,66,45,-1,-1
164,2094,194,120,126,57,-1,-1
164,1809,266,236,331,192,-1,-1
165,2091,352,125,138,57,-1,-1
165,2092,282,120,66,45,-1,-1
165,2094,194,120,126,57,-1,-1
165,1809,283,239,344,198,-1,-1
166,2091,352,125,138,57,-1,-1
166,2092,282,120,66,45,-1,-1
166,2094,194,120,126,57,-1,-1
166,1809,301,242,358,205,-1,-1
167,2091,352,125,138,57,-1,-1
167,2092,282,120,66,45,-1,-1
167,2094,194,120,126,57,-1,-1
167,1809,320,245,374,212,-1,-1
168,2091,352,125,138,57,-1,-1
168,2092,282,120,66,45,-1,-1
168,2094,194,120,125,57,-1,-1
168,1809,341,249,393,218,-1,-1
169,2091,352,125,138,57,-1,-1
169,2092,282,120,66,45,-1,-1
169,2094,194,120,125,57,-1,-1
169,1809,363,253,415,224,-1,-1
170,2091,352,125,138,57,-1,-1
170,2092,282,120,66,45,-1,-1
170,2094,194,120,125,57,-1,-1
170,1809,387,258,440,230,-1,-1
171,2091,352,125,138,57,-1,-1
171,2092,282,120,66,45,-1,-1
171,2094,194,120,125,57,-1,-1
171,1809,413,263,464,236,-1,-1
172,2091,352,125,138,57,-1,-1
172,2092,282,120,66,45,-1,-1
172,2094,194,120,125,57,-1,-1
172,1809,441,268,488,243,-1,-1
173,2091,352,125,138,57,-1,-1
173,2092,282,120,66,45,-1,-1
173,2094,194,120,125,57,-1,-1
173,1809,472,274,510,252,-1,-1
174,2091,352,125,138,57,-1,-1
174,2092,282,120,66,45,-1,-1
174,2094,194,120,125,57,-1,-1
174,1809,507,280,533,261,-1,-1
175,2091,352,125,138,57,-1,-1
175,2092,282,120,66,45,-1,-1
175,2094,194,120,125,57,-1,-1
175,1809,546,287,559,272,-1,-1
176,2091,352,125,138,57,-1,-1
176,2092,282,120,66,45,-1,-1
176,2094,194,120,125,57,-1,-1
176,1809,590,294,589,284,-1,-1
177,2091,352,125,138,57,-1,-1
177,2092,282,120,66,45,-1,-1
177,2094,194,120,125,57,-1,-1
177,1809,641,302,623,297,-1,-1
178,2091,352,125,138,56,-1,-1
178,2092,282,120,66,45,-1,-1
178,2094,194,120,125,57,-1,-1
178,1809,697,311,657,312,-1,-1
179,2091,352,125,138,56,-1,-1
179,2092,282,120,66,45,-1,-1
179,2094,194,120,125,57,-1,-1
179,1809,759,321,686,329,-1,-1
180,2091,352,125,138,56,-1,-1
180,2092,282,120,66,45,-1,-1
180,2094,194,120,125,57,-1,-1
180,1809,828,333,713,347,-1,-1
181,2091,352,125,138,56,-1,-1
181,2092,282,120,66,45,-1,-1
181,2094,194,120,125,57,-1,-1
181,1809,904,345,737,367,-1,-1
181,2096,1205,181,145,82,-1,-1
181,2097,184,136,80,43,-1,-1
182,2091,352,125,138,56,-1,-1
182,2092,282,120,66,45,-1,-1
182,2094,194,120,125,57,-1,-1
182,1809,987,359,756,385,-1,-1
182,2096,1195,183,149,83,-1,-1
182,2097,184,136,80,43,-1,-1
183,2091,352,125,138,56,-1,-1
183,2092,282,120,66,45,-1,-1
183,2094,194,120,125,57,-1,-1
183,1809,1077,374,754,398,-1,-1
183,2096,1184,184,153,84,-1,-1
183,2097,184,136,80,43,-1,-1
184,2091,352,125,138,56,-1,-1
184,2092,282,120,66,45,-1,-1
184,2094,194,120,125,57,-1,-1
184,1809,1173,390,715,403,-1,-1
184,2096,1174,186,157,85,-1,-1
184,2097,184,136,80,43,-1,-1
185,2091,352,125,138,56,-1,-1
185,2092,282,120,66,45,-1,-1
185,2094,194,120,125,57,-1,-1
185,1809,1275,408,635,397,-1,-1
185,2096,1164,187,161,86,-1,-1
185,2097,184,136,81,43,-1,-1
186,2091,352,125,138,56,-1,-1
186,2092,282,120,66,45,-1,-1
186,2094,194,120,125,57,-1,-1
186,1809,1383,426,527,380,-1,-1
186,2096,1155,188,165,87,-1,-1
186,2097,184,136,81,43,-1,-1
187,2091,352,125,138,56,-1,-1
187,2092,282,120,66,45,-1,-1
187,2094,194,120,125,57,-1,-1
187,1809,1496,445,410,356,-1,-1
187,2096,1146,190,168,88,-1,-1
187,2097,184,135,81,43,-1,-1
188,2091,352,125,138,56,-1,-1
188,2092,282,120,66,45,-1,-1
188,2094,194,120,125,57,-1,-1
188,1809,1613,465,292,328,-1,-1
188,2096,1138,191,171,88,-1,-1
188,2097,184,135,81,43,-1,-1
189,2091,352,125,138,56,-1,-1
189,2092,282,120,66,45,-1,-1
189,2094,194,120,125,57,-1,-1
189,2096,1129,192,174,89,-1,-1
189,2097,184,135,81,43,-1,-1
190,2091,352,125,138,56,-1,-1
190,2092,282,120,66,45,-1,-1
190,2094,194,120,125,57,-1,-1
190,2096,1122,193,176,90,-1,-1
190,2097,185,135,81,44,-1,-1
191,2091,352,125,139,56,-1,-1
191,2092,282,120,66,45,-1,-1
191,2094,194,120,125,57,-1,-1
191,2096,1114,194,178,90,-1,-1
191,2097,185,135,81,44,-1,-1
192,2091,352,125,139,56,-1,-1
192,2092,282,120,66,45,-1,-1
192,2094,194,120,125,57,-1,-1
192,2096,1108,195,180,91,-1,-1
192,2098,1695,440,223,163,-1,-1
193,2091,352,125,139,56,-1,-1
193,2092,282,120,66,45,-1,-1
193,2094,194,120,125,57,-1,-1
193,2096,1101,195,182,91,-1,-1
193,2098,1688,438,228,166,-1,-1
194,2091,352,125,139,56,-1,-1
194,2092,282,120,66,45,-1,-1
194,2094,194,120,125,57,-1,-1
194,2096,1095,196,183,91,-1,-1
194,2098,1680,436,234,169,-1,-1
195,2091,352,125,139,56,-1,-1
195,2092,282,120,66,45,-1,-1
195,2094,194,120,125,57,-1,-1
195,2096,1089,197,184,92,-1,-1
195,2098,1673,434,241,173,-1,-1
196,2091,352,125,139,56,-1,-1
196,2092,282,120,66,45,-1,-1
196,2094,194,120,125,57,-1,-1
196,2096,1084,198,185,92,-1,-1
196,2098,1664,431,250,177,-1,-1
197,2091,352,125,139,56,-1,-1
197,2092,282,120,66,45,-1,-1
197,2094,194,120,125,57,-1,-1
197,2096,1079,198,186,92,-1,-1
197,2098,1655,429,260,181,-1,-1
198,2091,352,125,139,56,-1,-1
198,2092,282,120,66,45,-1,-1
198,2094,194,120,125,57,-1,-1
198,2096,1075,199,186,92,-1,-1
198,2098,1645,426,272,185,-1,-1
199,2091,352,125,139,56,-1,-1
199,2092,282,120,66,45,-1,-1
199,2094,194,120,125,57,-1,-1
199,2096,1071,199,187,93,-1,-1
199,2098,1633,423,286,189,-1,-1
200,2091,352,125,139,56,-1,-1
200,2092,282,120,66,45,-1,-1
200,2094,194,120,125,57,-1,-1
200,2096,1068,200,187,93,-1,-1
200,2098,1620,420,301,193,-1,-1
201,2091,352,125,139,56,-1,-1
201,2092,282,120,66,45,-1,-1
201,2094,194,120,125,57,-1,-1
201,2096,1065,200,188,93,-1,-1
201,2098,1604,417,317,196,-1,-1
202,2091,352,125,139,56,-1,-1
202,2092,282,120,66,45,-1,-1
202,2094,194,120,125,57,-1,-1
202,2096,1063,201,188,93,-1,-1
202,2098,1586,413,334,198,-1,-1
203,2091,352,125,139,56,-1,-1
203,2092,282,120,66,45,-1,-1
203,2094,194,120,125,57,-1,-1
203,2096,1061,201,188,93,-1,-1
203,2098,1565,409,351,199,-1,-1
204,2091,352,125,139,56,-1,-1
204,2092,282,120,66,45,-1,-1
204,2094,194,120,125,57,-1,-1
204,2096,1060,202,189,93,-1,-1
204,2098,1541,404,367,199,-1,-1
205,2091,352,125,139,56,-1,-1
205,2092,282,120,66,45,-1,-1
205,2094,194,120,125,57,-1,-1
205,2096,1059,202,189,93,-1,-1
205,2098,1515,399,381,198,-1,-1
206,2091,352,125,139,56,-1,-1
206,2092,282,120,66,45,-1,-1
206,2094,194,120,125,57,-1,-1
206,2096,1058,202,189,93,-1,-1
206,2098,1485,394,393,196,-1,-1
207,2091,352,125,139,56,-1,-1
207,2092,282,120,66,45,-1,-1
207,2094,194,120,125,57,-1,-1
207,2096,1057,203,189,93,-1,-1
207,2098,1454,388,403,194,-1,-1
208,2091,352,125,139,56,-1,-1
208,2092,282,120,66,45,-1,-1
208,2094,194,120,125,57,-1,-1
208,2096,1057,203,189,92,-1,-1
208,2098,1420,382,409,192,-1,-1
209,2091,352,125,139,56,-1,-1
209,2092,282,120,66,45,-1,-1
209,2094,194,120,125,57,-1,-1
209,2096,1057,203,189,92,-1,-1
209,2098,1384,375,413,189,-1,-1
210,2091,352,125,139,56,-1,-1
210,2092,282,120,66,45,-1,-1
210,2094,194,120,125,57,-1,-1
210,2096,1057,203,189,92,-1,-1
210,2098,1347,368,415,187,-1,-1
211,2091,352,125,139,56,-1,-1
211,2092,282,120,66,45,-1,-1
211,2094,194,120,125,57,-1,-1
211,2096,1057,204,189,92,-1,-1
211,2098,1308,361,416,184,-1,-1
212,2091,352,125,139,56,-1,-1
212,2092,282,120,66,45,-1,-1
212,2094,194,120,125,57,-1,-1
212,2096,1058,204,189,92,-1,-1
212,2098,1267,354,416,182,-1,-1
213,2091,352,125,139,56,-1,-1
213,2092,282,120,66,45,-1,-1
213,2094,194,120,125,57,-1,-1
213,2096,1058,204,188,91,-1,-1
213,2098,1226,347,415,179,-1,-1
214,2091,352,125,139,56,-1,-1
214,2092,282,120,66,45,-1,-1
214,2094,194,120,125,57,-1,-1
214,2096,1058,204,188,91,-1,-1
214,2098,1184,340,413,176,-1,-1
215,2091,352,125,139,56,-1,-1
215,2092,282,120,66,45,-1,-1
215,2094,194,120,125,57,-1,-1
215,2096,1059,204,188,91,-1,-1
215,2098,1142,333,410,174,-1,-1
216,2091,352,125,139,56,-1,-1
216,2092,282,120,66,45,-1,-1
216,2094,194,120,125,57,-1,-1
216,2096,1059,204,188,91,-1,-1
216,2098,1100,325,406,171,-1,-1
217,2091,352,125,139,56,-1,-1
217,2092,282,120,66,45,-1,-1
217,2094,194,120,125,57,-1,-1
217,2096,1059,204,188,91,-1,-1
217,2098,1057,318,401,168,-1,-1
218,2091,352,125,139,56,-1,-1
218,2092,282,120,66,45,-1,-1
218,2094,194,120,125,57,-1,-1
218,2096,1060,204,188,91,-1,-1
218,2098,1015,311,394,165,-1,-1
219,2091,352,125,139,56,-1,-1
219,2092,282,120,66,45,-1,-1
219,2094,194,120,125,57,-1,-1
219,2096,1060,204,187,91,-1,-1
219,2098,973,305,387,161,-1,-1
220,2091,352,125,139,56,-1,-1
220,2092,282,120,66,45,-1,-1
220,2094,194,120,125,57,-1,-1
220,2096,1060,204,187,91,-1,-1
220,2098,932,298,378,158,-1,-1
221,2091,352,125,139,56,-1,-1
221,2092,282,120,66,45,-1,-1
221,2094,194,120,125,57,-1,-1
221,2096,1059,204,187,91,-1,-1
221,2098,891,292,368,154,-1,-1
222,2091,352,125,139,56,-1,-1
222,2092,282,120,66,45,-1,-1
222,2094,194,120,125,57,-1,-1
222,2096,1059,204,188,91,-1,-1
222,2098,851,286,357,151,-1,-1
223,2091,352,125,139,56,-1,-1
223,2092,282,120,66,45,-1,-1
223,2094,194,120,125,57,-1,-1
223,2096,1058,204,188,92,-1,-1
223,2098,811,280,345,147,-1,-1
224,2091,352,125,139,56,-1,-1
224,2092,282,120,66,45,-1,-1
224,2094,194,120,125,57,-1,-1
224,2096,1057,204,188,92,-1,-1
224,2098,772,274,333,143,-1,-1
225,2091,352,125,139,56,-1,-1
225,2092,282,120,66,45,-1,-1
225,2094,194,120,125,57,-1,-1
225,2096,1055,205,189,92,-1,-1
225,2098,734,269,321,139,-1,-1
226,2091,352,125,139,56,-1,-1
226,2092,282,120,66,45,-1,-1
226,2094,194,120,125,57,-1,-1
226,2096,1053,205,189,93,-1,-1
226,2098,698,263,310,135,-1,-1
227,2091,352,125,139,56,-1,-1
227,2092,282,120,66,45,-1,-1
227,2094,194,120,125,57,-1,-1
227,2096,1051,205,190,94,-1,-1
227,2098,662,258,299,131,-1,-1
228,2091,352,125,139,56,-1,-1
228,2092,282,120,66,45,-1,-1
228,2094,194,120,125,57,-1,-1
228,2096,1048,206,190,94,-1,-1
228,2098,627,254,289,126,-1,-1
229,2091,352,125,139,56,-1,-1
229,2092,282,120,66,45,-1,-1
229,2094,194,120,124,57,-1,-1
229,2096,1044,206,191,95,-1,-1
229,2098,594,249,280,122,-1,-1
230,2091,352,125,139,56,-1,-1
230,2092,282,120,66,45,-1,-1
230,2094,194,120,124,57,-1,-1
230,2096,1039,207,192,96,-1,-1
230,2098,561,245,270,118,-1,-1
231,2091,352,125,139,56,-1,-1
231,2092,282,120,66,45,-1,-1
231,2094,194,120,124,57,-1,-1
231,2096,1034,207,194,96,-1,-1
231,2098,531,241,261,115,-1,-1
232,2091,352,125,139,56,-1,-1
232,2092,282,120,66,45,-1,-1
232,2094,194,120,124,57,-1,-1
232,2096,1028,208,195,97,-1,-1
232,2098,501,237,251,111,-1,-1
233,2091,352,125,139,56,-1,-1
233,2092,282,120,66,45,-1,-1
233,2094,194,120,124,57,-1,-1
233,2096,1021,209,197,98,-1,-1
233,2098,473,233,241,108,-1,-1
234,2091,352,125,139,56,-1,-1
234,2092,282,120,66,45,-1,-1
234,2094,194,120,124,57,-1,-1
234,2096,1013,210,199,99,-1,-1
234,2098,446,230,231,105,-1,-1
235,2091,352,125,139,56,-1,-1
235,2092,282,120,66,45,-1,-1
235,2094,194,120,124,57,-1,-1
235,2096,1004,211,201,100,-1,-1
235,2098,420,226,221,103,-1,-1
236,2091,352,125,139,56,-1,-1
236,2092,282,120,66,45,-1,-1
236,2094,194,120,124,57,-1,-1
236,2096,994,213,203,101,-1,-1
236,2098,396,223,212,100,-1,-1
237,2091,352,125,139,56,-1,-1
237,2092,282,120,66,45,-1,-1
237,2094,194,120,124,57,-1,-1
237,2096,983,214,206,102,-1,-1
237,2098,372,221,202,98,-1,-1
238,2091,352,125,139,56,-1,-1
238,2092,282,120,66,45,-1,-1
238,2094,194,120,124,57,-1,-1
238,2096,971,216,209,103,-1,-1
238,2098,350,218,193,97,-1,-1
239,2091,352,125,139,56,-1,-1
239,2092,282,120,66,45,-1,-1
239,2094,194,120,124,57,-1,-1
239,2096,958,218,213,104,-1,-1
239,2098,329,216,185,95,-1,-1
240,2091,352,125,139,56,-1,-1
240,2092,282,120,66,45,-1,-1
240,2094,194,120,124,57,-1,-1
240,2096,943,220,217,105,-1,-1
240,2098,308,213,177,93,-1,-1
241,2091,352,125,139,56,-1,-1
241,2092,282,120,66,45,-1,-1
241,2094,194,120,124,57,-1,-1
241,2096,927,222,222,106,-1,-1
241,2098,289,211,169,92,-1,-1
242,2091,352,125,139,56,-1,-1
242,2092,282,120,66,45,-1,-1
242,2094,194,120,124,57,-1,-1
242,2096,910,225,227,108,-1,-1
242,2098,270,210,161,90,-1,-1
243,2091,352,125,139,56,-1,-1
243,2092,282,120,66,45,-1,-1
243,2094,194,120,124,57,-1,-1
243,2096,892,227,232,110,-1,-1
243,2098,252,208,154,88,-1,-1
244,2091,352,125,139,56,-1,-1
244,2092,282,120,66,45,-1,-1
244,2094,194,120,124,57,-1,-1
244,2096,871,230,238,112,-1,-1
244,2098,235,206,148,86,-1,-1
245,2091,352,125,139,56,-1,-1
245,2092,282,120,66,45,-1,-1
245,2094,194,120,124,57,-1,-1
245,2096,850,233,244,114,-1,-1
245,2098,219,205,141,84,-1,-1
246,2091,352,125,139,56,-1,-1
246,2092,282,120,66,45,-1,-1
246,2094,194,120,124,57,-1,-1
246,2096,826,237,251,116,-1,-1
246,2098,203,204,135,81,-1,-1
247,2091,352,125,139,56,-1,-1
247,2092,282,120,66,45,-1,-1
247,2094,194,120,124,57,-1,-1
247,2096,801,240,258,119,-1,-1
247,2098,187,203,129,79,-1,-1
248,2091,352,125,139,56,-1,-1
248,2092,282,120,66,45,-1,-1
248,2094,194,121,124,57,-1,-1
248,2096,774,244,265,123,-1,-1
248,2098,172,202,124,77,-1,-1
249,2091,352,125,139,56,-1,-1
249,2092,282,120,66,45,-1,-1
249,2094,194,121,124,57,-1,-1
249,2096,745,248,273,127,-1,-1
249,2098,158,201,118,75,-1,-1
250,2091,352,125,139,56,-1,-1
250,2092,282,120,66,45,-1,-1
250,2094,194,121,124,57,-1,-1
250,2096,715,252,280,131,-1,-1
250,2098,144,201,113,72,-1,-1
251,2091,352,125,139,56,-1,-1
251,2092,282,120,66,45,-1,-1
251,2094,194,121,124,57,-1,-1
251,2096,682,257,288,136,-1,-1
251,2098,131,200,108,70,-1,-1
252,2091,352,125,139,56,-1,-1
252,2092,282,120,66,45,-1,-1
252,2094,194,121,124,57,-1,-1
252,2096,647,262,296,141,-1,-1
252,2098,118,199,103,68,-1,-1
253,2091,352,125,139,56,-1,-1
253,2092,282,120,66,45,-1,-1
253,2094,194,121,124,57,-1,-1
253,2096,611,267,304,147,-1,-1
253,2098,106,199,99,66,-1,-1
254,2091,352,125,139,56,-1,-1
254,2092,282,120,66,45,-1,-1
254,2094,194,121,124,57,-1,-1
254,2096,572,272,313,154,-1,-1
254,2098,94,198,95,65,-1,-1
255,2091,352,125,139,56,-1,-1
255,2092,282,120,66,45,-1,-1
255,2094,194,121,124,57,-1,-1
255,2096,532,277,321,161,-1,-1
255,2098,83,197,91,63,-1,-1
256,2091,352,125,139,56,-1,-1
256,2092,282,120,66,45,-1,-1
256,2094,194,121,124,57,-1,-1
256,2096,490,282,330,168,-1,-1
256,2098,71,197,88,62,-1,-1
257,2091,352,125,139,56,-1,-1
257,2092,282,120,66,45,-1,-1
257,2094,194,121,124,57,-1,-1
257,2096,445,288,338,176,-1,-1
257,2098,60,196,85,60,-1,-1
258,2091,352,125,139,56,-1,-1
258,2092,282,120,66,45,-1,-1
258,2094,194,121,124,57,-1,-1
258,2096,399,294,348,185,-1,-1
258,2098,50,195,82,59,-1,-1
259,2091,352,125,139,56,-1,-1
259,2092,282,120,66,45,-1,-1
259,2094,194,121,124,57,-1,-1
259,2096,352,299,357,193,-1,-1
259,2098,39,194,80,58,-1,-1
260,2091,352,125,139,56,-1,-1
260,2092,282,120,66,45,-1,-1
260,2094,194,121,124,57,-1,-1
260,2096,302,305,367,202,-1,-1
260,2098,29,192,77,56,-1,-1
