1,2132,977,490,33,24,-1,-1
1,2283,1183,586,52,39,-1,-1
2,2280,1068,497,42,41,-1,-1
2,2132,974,489,36,26,-1,-1
2,2283,1183,586,52,39,-1,-1
2,2284,20,311,94,63,-1,-1
3,2280,1069,498,41,40,-1,-1
3,2132,972,488,38,28,-1,-1
3,2283,1183,586,52,39,-1,-1
3,2284,20,311,94,63,-1,-1
4,2280,1069,498,40,38,-1,-1
4,2132,970,487,40,29,-1,-1
4,2283,1183,586,52,39,-1,-1
4,2284,20,311,94,63,-1,-1
5,2280,1070,499,39,37,-1,-1
5,2132,968,486,42,31,-1,-1
5,2283,1183,586,52,39,-1,-1
5,2284,20,311,94,63,-1,-1
6,2280,1071,500,38,36,-1,-1
6,2132,966,486,42,32,-1,-1
6,2283,1183,586,52,39,-1,-1
6,2284,20,311,94,63,-1,-1
7,2280,1072,500,37,35,-1,-1
7,2132,964,487,43,32,-1,-1
7,2283,1183,586,52,39,-1,-1
7,2284,20,311,94,63,-1,-1
8,2280,1072,501,36,34,-1,-1
8,2132,962,487,42,32,-1,-1
8,2283,1183,586,53,39,-1,-1
8,2284,20,311,94,63,-1,-1
9,2280,1073,502,35,33,-1,-1
9,2132,960,489,42,32,-1,-1
9,2283,1183,586,53,39,-1,-1
9,2284,20,311,94,63,-1,-1
10,2280,1074,502,34,32,-1,-1
10,2132,959,490,41,32,-1,-1
10,2283,1183,586,53,39,-1,-1
10,2284,20,311,94,63,-1,-1
11,2280,1075,503,33,31,-1,-1
11,2132,957,492,40,32,-1,-1
11,2283,1183,586,53,39,-1,-1
11,2284,20,311,94,63,-1,-1
12,2132,954,493,39,31,-1,-1
12,2283,1183,586,53,39,-1,-1
12,2284,20,311,94,63,-1,-1
13,2132,952,495,38,31,-1,-1
13,2283,1183,586,53,39,-1,-1
13,2284,20,311,94,63,-1,-1
14,2132,950,496,38,31,-1,-1
14,2283,1183,586,53,39,-1,-1
14,2284,20,311,94,63,-1,-1
15,2132,948,498,38,31,-1,-1
15,2283,1183,586,53,39,-1,-1
15,2284,20,311,94,63,-1,-1
16,2132,945,499,38,31,-1,-1
16,2283,1183,586,53,39,-1,-1
16,2284,20,311,94,63,-1,-1
17,2132,943,499,39,32,-1,-1
17,2283,1183,586,53,39,-1,-1
17,2284,20,311,94,63,-1,-1
18,2132,940,500,40,32,-1,-1
18,2283,1183,586,53,39,-1,-1
18,2284,20,311,94,63,-1,-1
19,2132,938,500,40,33,-1,-1
19,2283,1183,586,53,39,-1,-1
19,2284,20,311,94,63,-1,-1
20,2132,935,500,41,34,-1,-1
20,2283,1183,586,53,39,-1,-1
20,2284,20,311,94,63,-1,-1
21,2132,933,500,42,35,-1,-1
21,2283,1183,586,53,39,-1,-1
21,2284,20,311,94,63,-1,-1
22,2132,931,500,42,37,-1,-1
22,2283,1183,586,53,39,-1,-1
22,2284,20,311,94,63,-1,-1
23,2132,928,499,43,38,-1,-1
23,2283,1183,586,53,39,-1,-1
23,2284,20,311,94,63,-1,-1
24,2132,926,499,44,40,-1,-1
24,2283,1183,586,53,39,-1,-1
24,2284,20,311,94,63,-1,-1
25,2132,923,499,45,41,-1,-1
25,2283,1183,586,53,39,-1,-1
25,2284,20,311,94,63,-1,-1
26,2132,919,498,46,42,-1,-1
26,2283,1183,586,53,39,-1,-1
26,2284,20,311,94,63,-1,-1
27,2132,916,498,48,44,-1,-1
27,2283,1183,586,53,39,-1,-1
27,2284,20,311,94,63,-1,-1
28,2132,911,498,50,45,-1,-1
28,2283,1183,586,53,39,-1,-1
28,2284,20,311,94,63,-1,-1
29,2132,907,498,52,46,-1,-1
29,2283,1183,586,53,39,-1,-1
29,2284,20,311,94,63,-1,-1
30,2132,902,498,54,48,-1,-1
30,2283,1183,586,53,39,-1,-1
30,2284,20,311,94,63,-1,-1
31,2132,897,499,56,49,-1,-1
31,2283,1183,586,53,39,-1,-1
31,2284,20,311,94,63,-1,-1
32,2132,892,499,59,50,-1,-1
32,2283,1183,586,53,39,-1,-1
32,2284,20,311,94,63,-1,-1
33,2132,887,499,61,51,-1,-1
33,2283,1183,586,53,39,-1,-1
33,2284,20,311,94,63,-1,-1
34,2132,882,500,63,53,-1,-1
34,2283,1183,586,53,39,-1,-1
34,2284,20,311,94,63,-1,-1
35,2132,876,500,65,54,-1,-1
35,2283,1183,586,53,39,-1,-1
35,2284,20,311,94,63,-1,-1
36,2132,870,500,67,56,-1,-1
36,2283,1183,586,53,39,-1,-1
36,2284,20,311,94,63,-1,-1
37,2132,864,501,69,57,-1,-1
37,2283,1183,585,53,39,-1,-1
37,2284,20,311,94,63,-1,-1
38,2132,857,501,71,59,-1,-1
38,2283,1183,585,53,39,-1,-1
38,2284,20,311,94,63,-1,-1
39,2132,850,501,74,60,-1,-1
39,2283,1183,585,53,40,-1,-1
39,2284,20,311,94,63,-1,-1
40,2132,842,500,77,62,-1,-1
40,2283,1183,585,53,40,-1,-1
40,2284,20,311,94,63,-1,-1
41,2132,833,500,80,64,-1,-1
41,2283,1183,585,53,40,-1,-1
41,2284,20,311,94,63,-1,-1
42,2132,824,500,83,66,-1,-1
42,2283,1183,585,53,40,-1,-1
42,2284,20,311,94,63,-1,-1
43,2132,814,499,87,68,-1,-1
43,2283,1183,585,53,40,-1,-1
43,2284,20,311,94,63,-1,-1
44,2132,803,498,90,69,-1,-1
44,2283,1183,585,53,40,-1,-1
44,2284,20,311,94,63,-1,-1
45,2132,792,498,94,71,-1,-1
45,2283,1183,585,53,40,-1,-1
45,2284,20,311,94,63,-1,-1
46,2132,779,497,98,73,-1,-1
46,2283,1183,585,53,40,-1,-1
46,2284,20,311,94,63,-1,-1
47,2132,765,495,103,74,-1,-1
47,2283,1183,585,53,40,-1,-1
47,2284,20,311,94,63,-1,-1
48,2132,750,494,108,76,-1,-1
48,2283,1183,585,53,40,-1,-1
48,2284,20,311,94,63,-1,-1
49,2132,732,492,114,78,-1,-1
49,2283,1183,585,53,40,-1,-1
49,2284,20,311,94,63,-1,-1
50,2132,713,491,121,79,-1,-1
50,2282,1070,495,37,42,-1,-1
50,2283,1183,585,53,40,-1,-1
50,2284,20,311,94,63,-1,-1
51,2132,692,488,129,81,-1,-1
51,2282,1070,494,38,42,-1,-1
51,2283,1183,585,53,40,-1,-1
51,2284,20,311,94,63,-1,-1
52,2132,670,486,136,83,-1,-1
52,2282,1069,494,38,41,-1,-1
52,2283,1183,585,53,40,-1,-1
52,2284,20,311,94,63,-1,-1
53,2132,647,483,144,85,-1,-1
53,2282,1069,494,38,41,-1,-1
53,2283,1183,585,53,40,-1,-1
53,2284,20,311,94,63,-1,-1
54,2132,622,480,151,87,-1,-1
54,2282,1069,494,38,41,-1,-1
54,2283,1183,585,53,40,-1,-1
54,2284,20,311,94,63,-1,-1
55,2132,596,476,158,89,-1,-1
55,2282,1069,493,38,41,-1,-1
55,2283,1183,585,53,40,-1,-1
55,2284,20,311,94,63,-1,-1
56,2132,567,471,165,92,-1,-1
56,2282,1069,493,39,40,-1,-1
56,2283,1183,585,53,40,-1,-1
56,2284,20,311,94,63,-1,-1
57,2132,535,466,173,95,-1,-1
57,2282,1069,493,39,40,-1,-1
57,2283,1183,585,53,40,-1,-1
57,2284,20,311,94,63,-1,-1
58,2132,499,460,183,99,-1,-1
58,2282,1069,493,39,40,-1,-1
58,2283,1183,585,53,40,-1,-1
58,2284,20,311,94,63,-1,-1
59,2132,458,453,195,104,-1,-1
59,2282,1069,492,39,40,-1,-1
59,2283,1183,585,53,40,-1,-1
59,2284,20,311,94,63,-1,-1
60,2132,410,445,210,109,-1,-1
60,2282,1069,492,39,39,-1,-1
60,2283,1183,585,53,40,-1,-1
60,2284,20,311,94,63,-1,-1
61,2132,356,436,228,115,-1,-1
61,2282,1069,492,40,39,-1,-1
61,2283,1183,585,53,40,-1,-1
61,2284,20,311,94,63,-1,-1
62,2132,297,426,248,122,-1,-1
62,2282,1068,492,40,39,-1,-1
62,2283,1183,585,53,40,-1,-1
62,2284,20,311,94,63,-1,-1
63,2132,233,416,270,129,-1,-1
63,2282,1068,491,40,39,-1,-1
63,2283,1183,585,54,40,-1,-1
63,2284,20,311,94,63,-1,-1
64,2132,167,405,290,137,-1,-1
64,2282,1068,491,40,38,-1,-1
64,2283,1183,585,54,40,-1,-1
64,2284,20,311,94,63,-1,-1
65,2132,102,393,307,146,-1,-1
65,2282,1068,491,40,38,-1,-1
65,2283,1183,585,54,40,-1,-1
65,2284,20,311,94,63,-1,-1
66,2132,38,381,320,155,-1,-1
66,2282,1068,491,41,38,-1,-1
66,2283,1183,585,54,40,-1,-1
66,2284,20,311,94,63,-1,-1
67,2132,-22,369,326,164,-1,-1
67,2282,1068,490,41,38,-1,-1
67,2283,1183,585,54,40,-1,-1
67,2284,20,311,94,63,-1,-1
68,2282,1068,490,41,38,-1,-1
68,2283,1182,585,54,40,-1,-1
68,2284,20,311,94,63,-1,-1
69,2282,1068,490,41,37,-1,-1
69,2283,1182,585,54,40,-1,-1
69,2284,20,311,94,63,-1,-1
70,2282,1068,490,42,37,-1,-1
70,2283,1182,585,54,40,-1,-1
70,2284,20,311,94,63,-1,-1
71,2282,1068,489,42,37,-1,-1
71,2283,1182,585,54,40,-1,-1
71,2284,20,311,94,63,-1,-1
72,2282,1067,489,42,37,-1,-1
72,2283,1182,585,54,40,-1,-1
72,2284,20,311,94,63,-1,-1
73,2283,1182,585,54,40,-1,-1
73,2284,20,311,94,63,-1,-1
73,2289,914,668,209,165,-1,-1
74,2283,1182,585,54,40,-1,-1
74,2284,20,311,94,63,-1,-1
74,2289,937,666,195,159,-1,-1
75,2283,1182,585,54,40,-1,-1
75,2284,20,311,94,63,-1,-1
75,2289,960,663,181,153,-1,-1
76,2283,1182,585,54,40,-1,-1
76,2284,20,311,94,63,-1,-1
76,2289,982,661,169,146,-1,-1
77,2283,1182,585,54,40,-1,-1
77,2284,20,311,94,63,-1,-1
77,2289,1003,659,157,139,-1,-1
78,2283,1182,585,54,40,-1,-1
78,2284,20,311,94,63,-1,-1
78,2289,1021,656,147,132,-1,-1
79,2283,1182,585,54,40,-1,-1
79,2284,20,311,94,63,-1,-1
79,2285,1031,466,25,23,-1,-1
79,2289,1038,654,137,125,-1,-1
80,2283,1182,585,54,40,-1,-1
80,2284,20,311,94,63,-1,-1
80,2285,1031,466,25,23,-1,-1
80,2289,1052,652,128,119,-1,-1
81,2283,1182,585,54,40,-1,-1
81,2284,20,311,94,63,-1,-1
81,2285,1031,466,26,24,-1,-1
81,2289,1065,649,120,113,-1,-1
82,2283,1182,585,54,40,-1,-1
82,2284,20,311,94,63,-1,-1
82,2285,1031,465,26,24,-1,-1
82,2289,1075,647,113,108,-1,-1
83,2283,1182,585,54,40,-1,-1
83,2284,20,311,94,63,-1,-1
83,2285,1031,465,26,24,-1,-1
83,2289,1084,645,107,103,-1,-1
84,2283,1182,585,54,40,-1,-1
84,2284,20,311,94,63,-1,-1
84,2285,1030,465,27,24,-1,-1
84,2289,1092,642,101,98,-1,-1
85,2283,1182,585,54,40,-1,-1
85,2284,20,311,94,63,-1,-1
85,2285,1030,465,27,25,-1,-1
85,2289,1098,640,96,94,-1,-1
86,2283,1182,585,54,40,-1,-1
86,2284,20,311,94,63,-1,-1
86,2285,1030,465,27,25,-1,-1
86,2289,1103,638,92,91,-1,-1
87,2283,1182,585,54,40,-1,-1
87,2284,20,311,94,63,-1,-1
87,2285,1030,465,27,25,-1,-1
87,2289,1107,635,89,87,-1,-1
88,2284,20,311,94,63,-1,-1
88,2285,1030,464,28,25,-1,-1
88,2289,1110,633,86,84,-1,-1
89,2284,20,311,94,63,-1,-1
89,2286,824,600,161,110,-1,-1
89,2289,1113,631,83,81,-1,-1
90,2284,20,311,94,63,-1,-1
90,2286,837,599,155,107,-1,-1
90,2289,1115,628,80,79,-1,-1
91,2284,20,311,94,63,-1,-1
91,2286,850,598,149,104,-1,-1
91,2289,1116,626,78,76,-1,-1
92,2284,20,311,94,63,-1,-1
92,2286,863,596,143,101,-1,-1
92,2289,1118,624,76,73,-1,-1
93,2284,20,311,94,63,-1,-1
93,2286,876,595,136,98,-1,-1
93,2289,1119,621,74,71,-1,-1
94,2284,20,311,94,63,-1,-1
94,2286,890,594,130,95,-1,-1
94,2287,1070,485,35,33,-1,-1
94,2289,1119,619,72,68,-1,-1
95,2284,20,311,94,63,-1,-1
95,2286,903,593,124,92,-1,-1
95,2287,1070,485,34,32,-1,-1
95,2289,1120,617,70,66,-1,-1
96,2284,20,311,94,63,-1,-1
96,2286,916,591,118,89,-1,-1
96,2287,1071,486,34,31,-1,-1
96,2289,1121,614,68,63,-1,-1
97,2284,20,311,94,63,-1,-1
97,2286,929,590,112,86,-1,-1
97,2287,1072,486,33,30,-1,-1
97,2289,1121,612,66,60,-1,-1
98,2284,20,311,94,63,-1,-1
98,2286,943,589,105,83,-1,-1
98,2287,1072,487,32,30,-1,-1
98,2289,1122,610,64,58,-1,-1
99,2284,20,311,94,63,-1,-1
99,2286,956,588,99,80,-1,-1
99,2287,1073,487,31,29,-1,-1
99,2289,1122,607,62,55,-1,-1
100,2284,20,311,94,63,-1,-1
100,2286,969,586,93,77,-1,-1
100,2287,1073,487,31,28,-1,-1
100,2289,1122,605,60,53,-1,-1
101,2284,20,311,94,63,-1,-1
101,2286,982,585,87,74,-1,-1
101,2287,1074,488,30,27,-1,-1
101,2289,1123,603,58,51,-1,-1
102,2284,20,311,94,63,-1,-1
102,2286,996,584,81,71,-1,-1
102,2287,1074,488,29,26,-1,-1
102,2289,1123,600,56,49,-1,-1
103,2284,20,311,94,63,-1,-1
103,2286,1009,583,74,68,-1,-1
103,2287,1075,489,28,26,-1,-1
103,2289,1123,598,53,47,-1,-1
104,2284,20,311,94,63,-1,-1
104,2286,1022,581,68,65,-1,-1
104,2287,1076,489,28,25,-1,-1
104,2157,8,490,250,367,-1,-1
104,2289,1123,596,51,46,-1,-1
105,2284,20,311,94,63,-1,-1
105,2286,1035,580,62,62,-1,-1
105,2287,1076,489,27,24,-1,-1
105,2157,9,419,362,434,-1,-1
105,2289,1123,593,49,44,-1,-1
106,2284,20,311,94,63,-1,-1
106,2286,1049,579,56,59,-1,-1
106,2287,1077,490,26,23,-1,-1
106,2157,2,402,472,447,-1,-1
106,2289,1123,591,47,43,-1,-1
107,2284,20,311,94,63,-1,-1
107,2286,1062,578,50,56,-1,-1
107,2157,-3,445,566,397,-1,-1
107,2289,1123,589,45,42,-1,-1
108,2284,20,311,94,63,-1,-1
108,2286,1075,576,43,53,-1,-1
108,2157,34,415,603,418,-1,-1
108,2289,1122,586,44,41,-1,-1
109,2284,20,311,94,63,-1,-1
109,2157,135,441,563,380,-1,-1
109,2289,1122,584,42,41,-1,-1
110,2284,20,311,94,63,-1,-1
110,2157,256,462,495,345,-1,-1
110,2289,1121,582,40,40,-1,-1
111,2284,20,311,94,63,-1,-1
111,2157,361,477,434,315,-1,-1
111,2289,1120,579,39,40,-1,-1
111,2296,1183,585,55,43,-1,-1
112,2284,20,311,94,63,-1,-1
112,2157,444,491,391,288,-1,-1
112,2289,1119,577,38,40,-1,-1
112,2296,1183,585,55,43,-1,-1
113,2284,20,311,94,63,-1,-1
113,2157,512,505,359,263,-1,-1
113,2289,1118,575,38,40,-1,-1
113,2296,1183,585,55,43,-1,-1
114,2284,20,311,94,63,-1,-1
114,2157,573,507,330,250,-1,-1
114,2289,1117,572,37,41,-1,-1
114,2296,1183,585,54,42,-1,-1
115,2284,20,311,94,63,-1,-1
115,2157,631,513,301,237,-1,-1
115,2289,1116,570,37,41,-1,-1
115,2296,1183,585,54,42,-1,-1
116,2284,20,311,94,63,-1,-1
116,2157,681,517,275,225,-1,-1
116,2289,1115,568,37,42,-1,-1
116,2296,1183,585,54,42,-1,-1
117,2284,20,311,94,63,-1,-1
117,2157,722,522,254,214,-1,-1
117,2289,1115,565,37,43,-1,-1
117,2296,1183,585,54,42,-1,-1
118,2284,20,311,94,63,-1,-1
118,2157,759,524,236,206,-1,-1
118,2289,1115,563,37,44,-1,-1
118,2296,1183,585,53,42,-1,-1
119,2284,20,311,94,63,-1,-1
119,2157,794,532,217,193,-1,-1
119,2289,1115,561,37,44,-1,-1
119,2290,928,502,36,31,-1,-1
119,2296,1183,585,53,42,-1,-1
120,2284,20,311,94,63,-1,-1
120,2157,827,539,200,181,-1,-1
120,2289,1116,558,37,45,-1,-1
120,2290,922,501,40,32,-1,-1
120,2296,1183,585,53,42,-1,-1
121,2284,20,311,94,63,-1,-1
121,2157,854,543,185,172,-1,-1
121,2290,918,501,41,34,-1,-1
121,2296,1183,585,53,42,-1,-1
122,2284,20,311,94,63,-1,-1
122,2157,876,546,175,164,-1,-1
122,2290,914,500,43,35,-1,-1
122,2296,1183,585,53,42,-1,-1
123,2284,20,311,94,63,-1,-1
123,2157,894,548,166,156,-1,-1
123,2290,910,500,45,37,-1,-1
123,2296,1183,584,53,41,-1,-1
124,2284,20,311,94,63,-1,-1
124,2157,913,551,156,147,-1,-1
124,2290,905,500,47,38,-1,-1
124,2296,1183,584,53,41,-1,-1
125,2284,20,311,94,63,-1,-1
125,2157,933,555,145,138,-1,-1
125,2290,902,500,49,39,-1,-1
125,2296,1183,584,53,41,-1,-1
126,2284,20,311,94,63,-1,-1
126,2157,949,556,138,132,-1,-1
126,2290,899,501,49,40,-1,-1
126,2296,1183,584,53,41,-1,-1
127,2284,20,311,94,63,-1,-1
127,2157,962,557,134,127,-1,-1
127,2290,896,502,49,41,-1,-1
127,2296,1183,584,53,41,-1,-1
128,2284,20,311,94,63,-1,-1
128,2157,974,556,131,124,-1,-1
128,2290,892,502,50,42,-1,-1
128,2296,1183,584,53,41,-1,-1
129,2284,20,311,94,63,-1,-1
129,2157,985,553,127,124,-1,-1
129,2290,886,503,52,43,-1,-1
129,2291,183,309,119,56,-1,-1
129,2296,1183,584,53,41,-1,-1
130,2284,20,311,94,63,-1,-1
130,2157,995,551,122,122,-1,-1
130,2290,880,504,55,44,-1,-1
130,2291,183,309,119,56,-1,-1
130,2296,1183,584,53,41,-1,-1
131,2284,20,311,94,63,-1,-1
131,2157,1003,551,119,120,-1,-1
131,2290,874,505,57,45,-1,-1
131,2291,183,309,119,56,-1,-1
131,2296,1183,584,53,41,-1,-1
132,2284,20,311,94,63,-1,-1
132,2157,1009,551,115,117,-1,-1
132,2290,869,505,58,46,-1,-1
132,2291,183,309,119,56,-1,-1
132,2296,1183,584,53,41,-1,-1
133,2284,20,311,94,63,-1,-1
133,2157,1015,552,111,114,-1,-1
133,2290,865,506,58,47,-1,-1
133,2291,183,309,119,56,-1,-1
133,2296,1183,584,53,41,-1,-1
134,2284,20,311,94,63,-1,-1
134,2157,1020,554,108,110,-1,-1
134,2290,858,506,60,49,-1,-1
134,2291,183,309,119,56,-1,-1
134,2168,1024,484,32,24,-1,-1
134,2296,1183,584,53,41,-1,-1
135,2284,20,311,94,63,-1,-1
135,2157,1023,555,105,106,-1,-1
135,2290,850,506,63,51,-1,-1
135,2291,183,309,119,56,-1,-1
135,2292,999,484,31,24,-1,-1
135,2168,1024,484,32,25,-1,-1
135,2296,1183,584,53,41,-1,-1
136,2284,20,311,94,63,-1,-1
136,2157,1027,553,101,104,-1,-1
136,2290,842,506,67,52,-1,-1
136,2291,183,309,119,56,-1,-1
136,2292,999,484,31,25,-1,-1
136,2168,1024,485,32,25,-1,-1
136,2296,1183,584,53,41,-1,-1
137,2284,20,311,94,63,-1,-1
137,2157,1039,553,89,98,-1,-1
137,2290,832,506,71,54,-1,-1
137,2291,183,309,119,56,-1,-1
137,2292,999,484,32,25,-1,-1
137,2168,1023,485,32,26,-1,-1
137,2296,1183,584,53,41,-1,-1
138,2284,20,311,94,63,-1,-1
138,2290,822,506,75,57,-1,-1
138,2291,182,308,119,56,-1,-1
138,2292,999,484,32,26,-1,-1
138,2293,1078,486,29,28,-1,-1
138,2168,1023,485,32,27,-1,-1
138,2296,1183,584,53,41,-1,-1
139,2284,20,311,94,63,-1,-1
139,2290,811,505,80,59,-1,-1
139,2292,998,484,32,26,-1,-1
139,2293,1078,487,29,28,-1,-1
139,2168,1023,485,32,27,-1,-1
139,2296,1183,584,53,41,-1,-1
140,2284,20,311,94,63,-1,-1
140,2290,800,504,84,61,-1,-1
140,2292,998,484,33,27,-1,-1
140,2293,1078,487,29,28,-1,-1
140,2168,1023,486,32,27,-1,-1
140,2296,1183,584,53,41,-1,-1
141,2284,20,311,94,63,-1,-1
141,2290,787,503,88,63,-1,-1
141,2292,998,484,33,27,-1,-1
141,2293,1078,487,29,28,-1,-1
141,2168,1023,486,32,28,-1,-1
141,2296,1183,584,53,41,-1,-1
142,2284,20,311,94,63,-1,-1
142,2290,774,502,92,65,-1,-1
142,2292,998,484,34,27,-1,-1
142,2293,1078,487,29,28,-1,-1
142,2168,1023,486,32,28,-1,-1
142,2296,1183,584,53,41,-1,-1
143,2284,20,311,94,63,-1,-1
143,2290,758,501,97,67,-1,-1
143,2292,997,484,34,28,-1,-1
143,2293,1078,487,29,28,-1,-1
143,2168,1023,487,32,28,-1,-1
143,2296,1183,584,53,41,-1,-1
144,2284,20,311,94,63,-1,-1
144,2290,741,500,102,70,-1,-1
144,2292,997,485,35,28,-1,-1
144,2293,1078,487,29,28,-1,-1
144,2168,1022,487,32,28,-1,-1
144,2296,1183,584,53,41,-1,-1
145,2284,20,311,94,63,-1,-1
145,2290,722,498,108,71,-1,-1
145,2292,997,485,35,29,-1,-1
145,2293,1077,487,29,28,-1,-1
145,2168,1022,487,32,29,-1,-1
145,2296,1182,584,53,41,-1,-1
146,2284,20,311,94,63,-1,-1
146,2290,702,497,114,73,-1,-1
146,2292,997,485,36,29,-1,-1
146,2293,1077,487,29,27,-1,-1
146,2168,1022,487,33,29,-1,-1
146,2296,1182,584,53,41,-1,-1
147,2284,20,311,94,63,-1,-1
147,2290,679,494,122,75,-1,-1
147,2292,996,485,36,30,-1,-1
147,2293,1077,487,29,27,-1,-1
147,2294,1054,484,28,29,-1,-1
147,2168,1021,487,33,29,-1,-1
147,2296,1182,584,53,41,-1,-1
148,2284,20,311,94,63,-1,-1
148,2290,653,492,131,77,-1,-1
148,2292,996,485,37,30,-1,-1
148,2293,1077,487,29,27,-1,-1
148,2294,1054,484,28,29,-1,-1
148,2168,1021,487,33,30,-1,-1
148,2296,1182,584,53,40,-1,-1
149,2284,20,311,94,63,-1,-1
149,2290,623,489,142,79,-1,-1
149,2292,996,485,37,30,-1,-1
149,2293,1077,487,29,27,-1,-1
149,2294,1054,484,28,28,-1,-1
149,2168,1020,487,34,30,-1,-1
149,2296,1182,584,53,40,-1,-1
150,2284,20,311,94,63,-1,-1
150,2290,592,485,153,81,-1,-1
150,2292,996,485,38,31,-1,-1
150,2293,1077,487,29,27,-1,-1
150,2294,1054,485,28,28,-1,-1
150,2168,1020,487,34,31,-1,-1
150,2296,1182,584,53,40,-1,-1
151,2284,20,311,94,63,-1,-1
151,2290,559,480,163,83,-1,-1
151,2292,995,485,38,31,-1,-1
151,2293,1077,488,29,27,-1,-1
151,2294,1054,485,28,28,-1,-1
151,2168,1020,488,35,31,-1,-1
151,2296,1182,584,53,40,-1,-1
151,2243,982,490,27,22,-1,-1
152,2284,20,311,94,63,-1,-1
152,2290,522,474,175,86,-1,-1
152,2292,995,485,39,32,-1,-1
152,2293,1077,488,29,27,-1,-1
152,2294,1054,485,27,28,-1,-1
152,2168,1019,488,35,32,-1,-1
152,2296,1182,584,54,40,-1,-1
152,2243,982,490,27,22,-1,-1
153,2284,20,311,94,63,-1,-1
153,2290,482,467,187,89,-1,-1
153,2293,1076,488,29,27,-1,-1
153,2294,1054,485,27,28,-1,-1
153,2168,1019,488,36,32,-1,-1
153,2296,1182,584,54,40,-1,-1
153,2243,981,489,28,23,-1,-1
154,2284,20,311,94,63,-1,-1
154,2290,436,459,200,93,-1,-1
154,2293,1076,488,29,27,-1,-1
154,2294,1055,485,27,28,-1,-1
154,2168,1019,489,36,32,-1,-1
154,2296,1182,584,54,40,-1,-1
154,2243,980,489,28,23,-1,-1
155,2284,20,311,94,63,-1,-1
155,2290,384,450,216,98,-1,-1
155,2293,1076,488,30,26,-1,-1
155,2294,1055,485,27,27,-1,-1
155,2168,1019,490,36,32,-1,-1
155,2296,1182,584,54,40,-1,-1
155,2243,979,489,28,23,-1,-1
156,2284,20,311,94,63,-1,-1
156,2290,324,440,234,103,-1,-1
156,2293,1076,488,30,26,-1,-1
156,2294,1055,485,27,27,-1,-1
156,2168,1019,491,36,33,-1,-1
156,2296,1182,584,54,40,-1,-1
156,2243,979,490,28,23,-1,-1
157,2284,20,311,94,63,-1,-1
157,2290,256,429,255,108,-1,-1
157,2293,1076,488,30,26,-1,-1
157,2294,1055,485,27,27,-1,-1
157,2168,1019,492,36,33,-1,-1
157,2296,1182,584,54,40,-1,-1
157,2243,978,490,28,23,-1,-1
158,2284,20,311,94,63,-1,-1
158,2290,177,417,281,114,-1,-1
158,2293,1076,488,30,26,-1,-1
158,2294,1055,485,26,27,-1,-1
158,2168,1019,493,36,33,-1,-1
158,2296,1182,584,54,40,-1,-1
158,2243,977,490,29,24,-1,-1
159,2284,20,311,94,63,-1,-1
159,2290,97,405,303,121,-1,-1
159,2293,1076,488,30,26,-1,-1
159,2294,1055,485,26,27,-1,-1
159,2168,1019,494,36,33,-1,-1
159,2296,1182,584,54,40,-1,-1
159,2243,977,490,29,24,-1,-1
159,2301,1061,520,52,60,-1,-1
160,2284,20,311,94,63,-1,-1
160,2290,33,392,303,127,-1,-1
160,2293,1076,488,30,26,-1,-1
160,2294,1055,485,26,27,-1,-1
160,2168,1018,495,36,33,-1,-1
160,2296,1182,584,54,40,-1,-1
160,2243,976,490,29,24,-1,-1
160,2301,1061,520,51,60,-1,-1
161,2284,20,311,94,63,-1,-1
161,2290,0,379,267,134,-1,-1
161,2293,1075,488,30,26,-1,-1
161,2294,1055,485,26,26,-1,-1
161,2168,1018,497,36,33,-1,-1
161,2296,1182,584,54,40,-1,-1
161,2243,975,491,29,24,-1,-1
161,2301,1061,519,51,59,-1,-1
162,2284,20,311,94,63,-1,-1
162,2290,-5,367,198,141,-1,-1
162,2293,1075,488,30,26,-1,-1
162,2294,1055,485,26,26,-1,-1
162,2168,1017,498,36,33,-1,-1
162,2296,1182,584,54,40,-1,-1
162,2243,973,491,29,24,-1,-1
162,2301,1061,519,51,59,-1,-1
163,2284,20,311,94,63,-1,-1
163,2293,1075,489,30,26,-1,-1
163,2294,1056,486,26,26,-1,-1
163,2168,1016,499,36,33,-1,-1
163,2296,1182,584,54,40,-1,-1
163,2243,972,492,30,24,-1,-1
163,2301,1062,518,51,58,-1,-1
164,2284,20,311,94,63,-1,-1
164,2293,1075,489,30,25,-1,-1
164,2294,1056,486,25,26,-1,-1
164,2168,1015,500,37,33,-1,-1
164,2296,1182,584,54,39,-1,-1
164,2243,971,492,30,24,-1,-1
164,2301,1062,518,50,57,-1,-1
165,2284,20,311,94,63,-1,-1
165,2293,1075,489,30,25,-1,-1
165,2294,1056,486,25,26,-1,-1
165,2168,1014,501,37,33,-1,-1
165,2296,1182,584,54,39,-1,-1
165,2243,969,493,30,24,-1,-1
165,2301,1062,517,50,56,-1,-1
166,2284,20,311,94,63,-1,-1
166,2293,1075,489,30,25,-1,-1
166,2294,1056,486,25,26,-1,-1
166,2168,1013,502,38,33,-1,-1
166,2296,1182,584,54,39,-1,-1
166,2243,967,493,30,24,-1,-1
166,2301,1062,517,50,56,-1,-1
167,2284,20,311,94,63,-1,-1
167,2294,1056,486,25,25,-1,-1
167,2168,1012,503,38,34,-1,-1
167,2296,1182,584,54,39,-1,-1
167,2243,966,494,30,24,-1,-1
167,2301,1062,516,50,55,-1,-1
168,2284,20,311,94,64,-1,-1
168,2294,1056,486,25,25,-1,-1
168,2168,1011,504,39,34,-1,-1
168,2296,1182,584,54,39,-1,-1
168,2243,964,494,30,24,-1,-1
168,2301,1062,516,49,54,-1,-1
169,2284,20,311,94,64,-1,-1
169,2294,1056,486,25,25,-1,-1
169,2168,1009,505,39,34,-1,-1
169,2296,1182,584,53,38,-1,-1
169,2243,962,495,30,24,-1,-1
169,2301,1063,515,49,53,-1,-1
170,2284,20,311,94,64,-1,-1
170,2294,1056,486,24,25,-1,-1
170,2168,1008,507,39,34,-1,-1
170,2296,1182,584,53,38,-1,-1
170,2243,960,495,31,24,-1,-1
170,2301,1063,515,49,52,-1,-1
171,2284,20,311,94,64,-1,-1
171,2294,1056,486,24,25,-1,-1
171,2168,1006,508,39,35,-1,-1
171,2296,1182,584,52,38,-1,-1
171,2243,958,496,31,24,-1,-1
171,2300,1036,470,23,21,-1,-1
171,2301,1063,514,49,52,-1,-1
172,2284,20,311,94,64,-1,-1
172,2294,1057,486,24,25,-1,-1
172,2168,1005,509,39,35,-1,-1
172,2296,1182,584,51,37,-1,-1
172,2243,956,496,31,24,-1,-1
172,2298,183,309,120,55,-1,-1
172,2300,1036,470,24,21,-1,-1
172,2301,1063,514,48,51,-1,-1
173,2284,20,311,94,64,-1,-1
173,2294,1057,486,24,25,-1,-1
173,2168,1003,510,40,36,-1,-1
173,2296,1182,584,50,37,-1,-1
173,2243,953,497,32,25,-1,-1
173,2298,183,308,120,56,-1,-1
173,2300,1035,470,24,22,-1,-1
173,2301,1063,513,48,50,-1,-1
174,2284,20,311,94,64,-1,-1
174,2294,1057,486,24,24,-1,-1
174,2168,1001,511,40,36,-1,-1
174,2296,1182,584,48,36,-1,-1
174,2243,951,497,32,25,-1,-1
174,2298,183,308,120,56,-1,-1
174,2300,1034,470,25,22,-1,-1
174,2301,1063,513,48,50,-1,-1
175,2284,20,311,94,64,-1,-1
175,2294,1057,487,24,24,-1,-1
175,2168,998,512,41,36,-1,-1
175,2296,1182,584,46,35,-1,-1
175,2243,949,498,33,26,-1,-1
175,2298,183,308,120,56,-1,-1
175,2300,1034,470,25,22,-1,-1
175,2301,1064,512,48,49,-1,-1
175,2099,857,677,240,195,-1,-1
176,2284,20,311,94,64,-1,-1
176,2294,1057,487,23,24,-1,-1
176,2168,996,513,41,37,-1,-1
176,2296,1182,584,44,34,-1,-1
176,2243,947,498,34,26,-1,-1
176,2298,183,308,121,57,-1,-1
176,2299,1054,502,31,30,-1,-1
176,2300,1033,471,26,23,-1,-1
176,2301,1064,512,48,49,-1,-1
176,2099,887,675,222,184,-1,-1
177,2284,20,311,94,64,-1,-1
177,2294,1057,487,23,24,-1,-1
177,2168,994,514,42,37,-1,-1
177,2296,1182,584,42,34,-1,-1
177,2243,944,498,35,27,-1,-1
177,2298,183,307,121,57,-1,-1
177,2299,1054,501,31,30,-1,-1
177,2300,1033,471,26,23,-1,-1
177,2301,1064,511,47,48,-1,-1
177,2099,915,672,205,173,-1,-1
178,2284,20,311,94,64,-1,-1
178,2294,1057,487,23,24,-1,-1
178,2168,992,515,43,38,-1,-1
178,2296,1182,584,40,33,-1,-1
178,2243,942,498,36,27,-1,-1
178,2298,184,307,121,57,-1,-1
178,2299,1055,501,31,30,-1,-1
178,2300,1032,471,27,23,-1,-1
178,2301,1064,511,47,48,-1,-1
178,2099,942,670,190,163,-1,-1
179,2284,20,311,94,64,-1,-1
179,2294,1057,487,23,24,-1,-1
179,2168,989,516,44,39,-1,-1
179,2296,1182,584,38,32,-1,-1
179,2243,940,498,36,28,-1,-1
179,2298,184,307,121,58,-1,-1
179,2299,1056,500,31,30,-1,-1
179,2300,1032,471,27,24,-1,-1
179,2301,1064,510,47,47,-1,-1
179,2099,967,667,177,152,-1,-1
180,2284,20,311,94,64,-1,-1
180,2294,1057,487,23,23,-1,-1
180,2168,987,517,45,39,-1,-1
180,2296,1182,584,36,31,-1,-1
180,2243,937,498,37,29,-1,-1
180,2298,184,307,121,58,-1,-1
180,2299,1057,500,31,30,-1,-1
180,2300,1031,471,28,24,-1,-1
180,2301,1064,510,47,47,-1,-1
180,2099,989,664,164,143,-1,-1
181,2284,20,311,94,64,-1,-1
181,2294,1058,487,22,23,-1,-1
181,2168,985,518,46,40,-1,-1
181,2296,1182,584,34,30,-1,-1
181,2243,935,498,38,30,-1,-1
181,2298,184,306,121,59,-1,-1
181,2299,1058,499,31,30,-1,-1
181,2300,1031,472,28,24,-1,-1
181,2301,1064,509,46,46,-1,-1
181,2099,1009,662,153,134,-1,-1
182,2284,20,311,94,64,-1,-1
182,2168,983,519,48,41,-1,-1
182,2296,1182,584,33,29,-1,-1
182,2243,932,498,39,30,-1,-1
182,2298,184,306,122,59,-1,-1
182,2299,1058,499,31,30,-1,-1
182,2300,1030,472,29,25,-1,-1
182,2301,1065,509,46,46,-1,-1
182,2099,1027,659,143,126,-1,-1
183,2284,20,311,94,64,-1,-1
183,2168,980,520,49,42,-1,-1
183,2296,1182,584,32,29,-1,-1
183,2243,930,498,39,31,-1,-1
183,2299,1059,498,31,29,-1,-1
183,2300,1029,472,29,25,-1,-1
183,2301,1065,508,46,45,-1,-1
183,2099,1042,656,134,119,-1,-1
184,2284,20,311,94,64,-1,-1
184,2168,978,521,51,43,-1,-1
184,2296,1182,584,32,28,-1,-1
184,2243,927,498,40,32,-1,-1
184,2299,1060,498,31,29,-1,-1
184,2300,1029,472,30,26,-1,-1
184,2301,1065,508,46,44,-1,-1
184,2099,1055,653,126,112,-1,-1
184,2304,1026,478,31,28,-1,-1
185,2284,20,311,94,64,-1,-1
185,2168,975,522,52,43,-1,-1
185,2296,1182,584,31,28,-1,-1
185,2243,925,498,41,33,-1,-1
185,2299,1061,497,31,29,-1,-1
185,2300,1028,472,30,26,-1,-1
185,2301,1065,507,45,44,-1,-1
185,2099,1067,651,119,107,-1,-1
185,2304,1026,478,31,28,-1,-1
186,2284,20,311,94,64,-1,-1
186,2168,972,523,53,44,-1,-1
186,2296,1182,584,31,27,-1,-1
186,2243,922,498,42,34,-1,-1
186,2299,1061,497,31,29,-1,-1
186,2300,1028,473,31,26,-1,-1
186,2301,1065,507,45,43,-1,-1
186,2099,1076,648,112,102,-1,-1
186,2304,1027,478,32,28,-1,-1
187,2284,20,311,94,64,-1,-1
187,2168,969,524,54,45,-1,-1
187,2296,1182,584,31,27,-1,-1
187,2243,919,498,43,35,-1,-1
187,2299,1062,496,31,29,-1,-1
187,2300,1027,473,31,27,-1,-1
187,2301,1065,506,45,43,-1,-1
187,2099,1085,645,106,98,-1,-1
187,2304,1028,479,32,28,-1,-1
188,2284,20,311,94,64,-1,-1
188,2168,967,526,55,46,-1,-1
188,2296,1182,584,31,26,-1,-1
188,2243,916,498,44,36,-1,-1
188,2299,1063,496,31,29,-1,-1
188,2300,1027,473,32,27,-1,-1
188,2301,1066,506,45,42,-1,-1
188,2099,1092,643,100,94,-1,-1
188,2304,1028,479,32,29,-1,-1
189,2284,20,311,94,64,-1,-1
189,2168,964,527,55,47,-1,-1
189,2296,1182,584,31,26,-1,-1
189,2243,913,498,46,37,-1,-1
189,2299,1064,495,31,29,-1,-1
189,2300,1026,473,32,27,-1,-1
189,2301,1066,505,44,41,-1,-1
189,2099,1098,640,96,91,-1,-1
189,2304,1029,479,32,29,-1,-1
190,2284,20,311,94,64,-1,-1
190,2168,960,528,56,48,-1,-1
190,2296,1182,584,31,26,-1,-1
190,2243,910,498,47,38,-1,-1
190,2299,1064,495,31,29,-1,-1
190,2300,1025,474,33,28,-1,-1
190,2301,1066,505,44,41,-1,-1
190,2099,1104,637,92,88,-1,-1
190,2304,1029,479,32,29,-1,-1
191,2284,20,311,94,64,-1,-1
191,2168,957,529,58,50,-1,-1
191,2296,1182,584,31,26,-1,-1
191,2243,907,498,48,39,-1,-1
191,2299,1065,494,31,29,-1,-1
191,2300,1025,474,33,28,-1,-1
191,2301,1066,504,44,40,-1,-1
191,2099,1108,635,88,85,-1,-1
191,2304,1030,479,32,29,-1,-1
192,2284,20,311,94,64,-1,-1
192,2168,953,531,59,51,-1,-1
192,2296,1181,584,31,26,-1,-1
192,2243,903,498,49,39,-1,-1
192,2299,1066,494,31,29,-1,-1
192,2300,1024,474,34,28,-1,-1
192,2301,1066,504,44,40,-1,-1
192,2099,1112,632,86,82,-1,-1
192,2304,1031,479,32,29,-1,-1
193,2284,20,311,94,64,-1,-1
193,2168,948,532,61,52,-1,-1
193,2296,1181,584,31,26,-1,-1
193,2243,900,499,51,40,-1,-1
193,2299,1067,493,31,28,-1,-1
193,2300,1024,474,34,29,-1,-1
193,2301,1066,503,43,39,-1,-1
193,2099,1115,630,83,80,-1,-1
193,2304,1031,479,32,29,-1,-1
194,2284,20,311,94,64,-1,-1
194,2168,942,533,64,54,-1,-1
194,2296,1181,584,32,26,-1,-1
194,2243,896,499,52,41,-1,-1
194,2299,1068,493,31,28,-1,-1
194,2300,1023,474,35,29,-1,-1
194,2301,1067,503,43,39,-1,-1
194,2099,1118,627,82,78,-1,-1
194,2304,1032,479,32,30,-1,-1
195,2284,20,311,94,64,-1,-1
195,2168,936,534,66,55,-1,-1
195,2296,1181,584,32,26,-1,-1
195,2243,893,499,53,42,-1,-1
195,2299,1068,492,31,28,-1,-1
195,2300,1023,475,35,29,-1,-1
195,2301,1067,502,43,38,-1,-1
195,2099,1120,625,80,75,-1,-1
195,2304,1032,479,32,30,-1,-1
196,2284,20,311,94,64,-1,-1
196,2168,929,535,69,57,-1,-1
196,2296,1181,584,32,26,-1,-1
196,2243,889,500,55,43,-1,-1
196,2299,1069,492,31,28,-1,-1
196,2300,1022,475,36,30,-1,-1
196,2301,1067,502,43,38,-1,-1
196,2099,1122,622,78,73,-1,-1
196,2304,1033,479,33,30,-1,-1
197,2284,20,311,94,64,-1,-1
197,2168,922,536,72,59,-1,-1
197,2296,1181,584,32,26,-1,-1
197,2243,884,500,56,43,-1,-1
197,2299,1070,492,31,28,-1,-1
197,2300,1022,475,36,30,-1,-1
197,2301,1067,501,42,38,-1,-1
197,2099,1124,620,77,71,-1,-1
197,2304,1033,479,33,30,-1,-1
198,2284,20,311,94,64,-1,-1
198,2168,914,537,74,61,-1,-1
198,2296,1181,584,32,26,-1,-1
198,2243,880,501,58,44,-1,-1
198,2299,1071,491,31,28,-1,-1
198,2300,1021,475,37,30,-1,-1
198,2301,1067,501,42,37,-1,-1
198,2099,1125,618,75,69,-1,-1
198,2304,1034,479,33,30,-1,-1
199,2284,20,311,94,64,-1,-1
199,2168,905,537,78,63,-1,-1
199,2243,875,501,59,45,-1,-1
199,2299,1071,491,31,28,-1,-1
199,2300,1020,475,37,31,-1,-1
199,2301,1067,500,42,37,-1,-1
199,2099,1126,615,73,66,-1,-1
199,2304,1035,480,33,31,-1,-1
200,2284,20,311,94,64,-1,-1
200,2168,895,538,81,65,-1,-1
200,2243,871,502,61,46,-1,-1
200,2299,1072,490,31,28,-1,-1
200,2300,1020,476,38,31,-1,-1
200,2301,1067,500,42,37,-1,-1
200,2099,1127,613,72,64,-1,-1
200,2304,1035,480,33,31,-1,-1
201,2284,20,311,94,64,-1,-1
201,2168,884,538,85,67,-1,-1
201,2243,866,502,63,46,-1,-1
201,2299,1073,490,31,28,-1,-1
201,2300,1019,476,38,31,-1,-1
201,2301,1068,499,41,37,-1,-1
201,2099,1128,610,70,62,-1,-1
201,2304,1036,480,33,31,-1,-1
202,2284,20,311,94,64,-1,-1
202,2168,871,538,90,70,-1,-1
202,2243,860,502,65,47,-1,-1
202,2299,1074,489,31,28,-1,-1
202,2300,1019,476,39,32,-1,-1
202,2301,1068,499,41,37,-1,-1
202,2099,1128,608,68,60,-1,-1
202,2304,1036,480,33,31,-1,-1
203,2284,20,311,94,64,-1,-1
203,2168,857,537,95,73,-1,-1
203,2243,855,503,66,48,-1,-1
203,2299,1074,489,31,28,-1,-1
203,2300,1018,476,39,32,-1,-1
203,2301,1068,498,41,37,-1,-1
203,2099,1128,606,66,58,-1,-1
203,2304,1037,480,33,31,-1,-1
204,2284,20,311,94,64,-1,-1
204,2168,840,537,102,76,-1,-1
204,2243,850,503,68,49,-1,-1
204,2299,1075,488,31,27,-1,-1
204,2300,1018,477,40,33,-1,-1
204,2301,1068,498,41,36,-1,-1
204,2302,181,307,122,57,-1,-1
204,2099,1128,603,65,57,-1,-1
204,2304,1038,480,33,32,-1,-1
205,2284,20,311,94,64,-1,-1
205,2168,822,536,110,79,-1,-1
205,2243,844,504,70,49,-1,-1
205,2299,1076,488,31,27,-1,-1
205,2300,1017,477,40,33,-1,-1
205,2301,1068,497,40,37,-1,-1
205,2302,181,307,122,57,-1,-1
205,2099,1128,601,63,55,-1,-1
205,2304,1038,480,34,32,-1,-1
206,2284,20,311,94,64,-1,-1
206,2168,801,535,119,82,-1,-1
206,2243,838,504,72,50,-1,-1
206,2299,1077,487,31,27,-1,-1
206,2300,1016,477,41,33,-1,-1
206,2301,1068,497,40,37,-1,-1
206,2302,181,307,122,57,-1,-1
206,2099,1128,598,62,54,-1,-1
206,2304,1039,480,34,32,-1,-1
207,2284,20,311,94,64,-1,-1
207,2168,777,533,129,86,-1,-1
207,2243,831,505,74,51,-1,-1
207,2299,1077,487,31,27,-1,-1
207,2300,1016,477,41,34,-1,-1
207,2301,1069,496,40,37,-1,-1
207,2302,181,307,122,57,-1,-1
207,2099,1127,596,61,53,-1,-1
207,2304,1039,480,34,32,-1,-1
208,2284,20,311,94,64,-1,-1
208,2168,750,531,140,89,-1,-1
208,2243,825,505,76,52,-1,-1
208,2299,1078,486,31,27,-1,-1
208,2300,1015,477,42,34,-1,-1
208,2301,1069,496,40,37,-1,-1
208,2302,181,307,122,57,-1,-1
208,2099,1126,593,60,52,-1,-1
208,2304,1040,480,34,32,-1,-1
209,2284,20,311,94,64,-1,-1
209,2168,718,528,152,94,-1,-1
209,2243,818,505,78,53,-1,-1
209,2299,1079,486,31,27,-1,-1
209,2300,1015,478,42,34,-1,-1
209,2301,1069,495,39,37,-1,-1
209,2302,181,307,122,57,-1,-1
209,2099,1125,591,60,51,-1,-1
209,2304,1040,480,34,32,-1,-1
210,2284,20,311,94,64,-1,-1
210,2168,683,525,166,98,-1,-1
210,2243,810,505,80,54,-1,-1
210,2299,1080,485,31,27,-1,-1
210,2300,1014,478,43,35,-1,-1
210,2301,1069,495,39,37,-1,-1
210,2302,181,307,122,57,-1,-1
210,2099,1124,589,59,51,-1,-1
210,2304,1041,480,34,33,-1,-1
211,2284,20,311,94,64,-1,-1
211,2168,641,521,181,103,-1,-1
211,2243,802,505,83,55,-1,-1
211,2299,1081,485,31,27,-1,-1
211,2300,1014,478,43,35,-1,-1
211,2301,1069,494,39,37,-1,-1
211,2302,181,307,122,57,-1,-1
211,2099,1123,586,59,50,-1,-1
211,2304,1042,481,34,33,-1,-1
212,2284,20,311,94,64,-1,-1
212,2168,593,517,200,109,-1,-1
212,2243,793,505,85,57,-1,-1
212,2301,1069,494,39,37,-1,-1
212,2302,181,307,122,57,-1,-1
212,2099,1123,584,58,50,-1,-1
212,2304,1042,481,34,33,-1,-1
213,2284,20,311,94,64,-1,-1
213,2168,536,512,221,115,-1,-1
213,2243,783,505,88,58,-1,-1
213,2301,1070,493,38,37,-1,-1
213,2302,181,307,122,57,-1,-1
213,2099,1123,581,58,49,-1,-1
213,2304,1043,481,34,33,-1,-1
214,2284,20,311,94,64,-1,-1
214,2168,472,506,246,121,-1,-1
214,2243,773,505,91,59,-1,-1
214,2301,1070,493,38,37,-1,-1
214,2302,181,307,122,57,-1,-1
214,2099,1123,579,58,49,-1,-1
214,2304,1043,481,35,33,-1,-1
215,2284,20,311,94,64,-1,-1
215,2168,398,501,275,127,-1,-1
215,2243,761,504,95,61,-1,-1
215,2301,1070,492,38,37,-1,-1
215,2302,181,307,122,57,-1,-1
215,2304,1044,481,35,34,-1,-1
216,2284,20,311,94,64,-1,-1
216,2168,315,495,309,134,-1,-1
216,2243,748,503,99,62,-1,-1
216,2301,1070,492,38,37,-1,-1
216,2302,181,307,122,57,-1,-1
216,2304,1045,481,35,34,-1,-1
217,2284,20,311,94,64,-1,-1
217,2168,223,489,347,140,-1,-1
217,2243,734,502,104,64,-1,-1
217,2301,1070,491,37,37,-1,-1
217,2302,181,307,122,57,-1,-1
217,2304,1045,481,35,34,-1,-1
218,2284,20,311,94,64,-1,-1
218,2168,122,484,390,147,-1,-1
218,2243,719,501,109,66,-1,-1
218,2301,1070,491,37,36,-1,-1
218,2302,181,307,122,57,-1,-1
218,2304,1046,481,35,34,-1,-1
219,2284,20,311,94,64,-1,-1
219,2243,702,499,115,67,-1,-1
219,2301,1070,490,37,36,-1,-1
219,2302,180,307,123,57,-1,-1
219,2304,1046,481,35,34,-1,-1
219,2305,1181,582,55,44,-1,-1
220,2284,20,311,94,64,-1,-1
220,2243,684,498,121,69,-1,-1
220,2301,1071,490,37,36,-1,-1
220,2302,180,307,123,57,-1,-1
220,2304,1047,481,35,34,-1,-1
220,2305,1181,582,55,44,-1,-1
221,2284,20,311,94,64,-1,-1
221,2243,665,495,128,71,-1,-1
221,2301,1071,489,37,36,-1,-1
221,2302,180,307,123,57,-1,-1
221,2305,1181,582,55,43,-1,-1
222,2284,20,311,94,64,-1,-1
222,2243,643,493,135,73,-1,-1
222,2301,1071,489,36,35,-1,-1
222,2302,180,307,123,57,-1,-1
222,2305,1182,582,54,43,-1,-1
223,2284,20,311,94,64,-1,-1
223,2243,620,490,143,75,-1,-1
223,2301,1071,488,36,35,-1,-1
223,2302,180,307,123,57,-1,-1
223,2305,1182,582,54,43,-1,-1
224,2284,20,311,94,64,-1,-1
224,2243,595,486,152,77,-1,-1
224,2301,1071,488,36,34,-1,-1
224,2302,180,307,123,57,-1,-1
224,2305,1182,583,54,43,-1,-1
225,2284,20,311,94,64,-1,-1
225,2243,568,482,161,80,-1,-1
225,2301,1071,487,36,34,-1,-1
225,2302,180,307,123,57,-1,-1
225,2305,1182,583,54,43,-1,-1
226,2284,20,311,94,64,-1,-1
226,2243,538,478,171,82,-1,-1
226,2301,1072,487,35,33,-1,-1
226,2302,180,306,123,57,-1,-1
226,2305,1182,583,54,43,-1,-1
227,2284,20,311,94,64,-1,-1
227,2243,505,473,181,85,-1,-1
227,2301,1072,486,35,32,-1,-1
227,2302,180,306,123,57,-1,-1
227,2305,1182,583,54,43,-1,-1
228,2284,20,311,94,64,-1,-1
228,2243,469,467,193,88,-1,-1
228,2301,1072,486,35,32,-1,-1
228,2302,180,306,123,57,-1,-1
228,2305,1182,583,54,43,-1,-1
229,2284,20,311,94,64,-1,-1
229,2243,429,461,206,92,-1,-1
229,2301,1072,485,35,31,-1,-1
229,2305,1182,583,54,43,-1,-1
230,2284,20,311,94,64,-1,-1
230,2243,386,455,221,96,-1,-1
230,2301,1072,485,34,31,-1,-1
230,2305,1182,583,54,42,-1,-1
231,2284,20,311,94,64,-1,-1
231,2243,337,448,238,100,-1,-1
231,2301,1072,484,34,30,-1,-1
231,2305,1182,583,54,42,-1,-1
232,2284,20,311,94,64,-1,-1
232,2243,285,441,257,104,-1,-1
232,2301,1073,484,34,30,-1,-1
232,2305,1182,583,55,42,-1,-1
233,2284,20,311,94,64,-1,-1
233,2243,227,433,279,109,-1,-1
233,2305,1182,583,55,42,-1,-1
234,2284,20,311,94,64,-1,-1
234,2243,165,425,304,114,-1,-1
234,2305,1182,583,55,42,-1,-1
235,2284,20,311,94,64,-1,-1
235,2243,98,417,332,119,-1,-1
235,2305,1182,584,55,42,-1,-1
236,2284,20,311,94,64,-1,-1
236,2243,27,409,362,125,-1,-1
236,2305,1182,584,55,42,-1,-1
237,2284,20,311,94,64,-1,-1
237,2305,1182,584,55,42,-1,-1
238,2284,20,311,94,64,-1,-1
238,2305,1182,584,55,42,-1,-1
239,2284,20,311,94,64,-1,-1
239,2305,1182,584,55,42,-1,-1
240,2284,20,311,94,64,-1,-1
240,2305,1182,584,55,41,-1,-1
241,2284,20,311,94,64,-1,-1
241,2305,1182,584,55,41,-1,-1
242,2284,20,311,94,64,-1,-1
242,2305,1183,584,54,41,-1,-1
242,2308,965,481,52,37,-1,-1
243,2284,20,311,94,64,-1,-1
243,2305,1183,584,54,41,-1,-1
243,2308,965,481,52,37,-1,-1
244,2284,20,311,94,64,-1,-1
244,2305,1183,584,54,41,-1,-1
244,2308,966,481,51,36,-1,-1
245,2284,20,311,94,64,-1,-1
245,2305,1183,584,54,41,-1,-1
245,2308,966,481,50,36,-1,-1
246,2284,20,311,94,64,-1,-1
246,2305,1183,585,54,41,-1,-1
246,2308,966,481,50,35,-1,-1
247,2284,20,311,94,64,-1,-1
247,2305,1183,585,54,40,-1,-1
247,2307,996,496,47,39,-1,-1
247,2308,967,482,49,35,-1,-1
248,2284,20,311,94,64,-1,-1
248,2305,1183,585,54,40,-1,-1
248,2307,995,497,47,40,-1,-1
248,2308,967,482,48,35,-1,-1
249,2284,20,311,94,64,-1,-1
249,2305,1183,585,54,40,-1,-1
249,2306,963,486,48,26,-1,-1
249,2307,995,497,45,40,-1,-1
249,2308,967,482,48,34,-1,-1
250,2284,20,311,94,64,-1,-1
250,2305,1183,585,54,40,-1,-1
250,2306,961,486,47,27,-1,-1
250,2307,996,498,44,40,-1,-1
250,2308,968,482,47,34,-1,-1
251,2284,20,311,94,64,-1,-1
251,2305,1183,585,54,40,-1,-1
251,2306,959,486,46,28,-1,-1
251,2307,996,499,44,40,-1,-1
251,2308,968,483,46,34,-1,-1
252,2284,20,311,94,64,-1,-1
252,2305,1183,585,54,40,-1,-1
252,2306,957,487,46,29,-1,-1
252,2307,996,500,43,40,-1,-1
252,2308,968,483,46,33,-1,-1
253,2284,20,311,94,64,-1,-1
253,2305,1183,585,53,39,-1,-1
253,2306,955,487,46,30,-1,-1
253,2307,996,501,43,39,-1,-1
253,2308,969,483,45,33,-1,-1
254,2284,20,311,94,64,-1,-1
254,2305,1183,585,53,39,-1,-1
254,2306,953,487,45,31,-1,-1
254,2307,996,503,43,39,-1,-1
254,2308,969,483,44,32,-1,-1
255,2284,20,311,94,64,-1,-1
255,2305,1183,585,52,38,-1,-1
255,2306,951,487,45,32,-1,-1
255,2307,997,504,42,38,-1,-1
255,2308,969,484,44,32,-1,-1
255,2312,1005,483,32,29,-1,-1
256,2284,20,311,94,64,-1,-1
256,2305,1183,585,50,38,-1,-1
256,2306,949,488,45,33,-1,-1
256,2307,998,506,41,37,-1,-1
256,2308,970,484,43,32,-1,-1
256,2311,1072,486,37,30,-1,-1
256,2312,1002,483,32,29,-1,-1
257,2284,20,311,94,64,-1,-1
257,2305,1183,586,47,37,-1,-1
257,2306,947,488,46,34,-1,-1
257,2307,999,508,40,37,-1,-1
257,2308,970,484,42,31,-1,-1
257,2311,1072,486,37,30,-1,-1
257,2312,1000,483,32,29,-1,-1
258,2284,20,311,94,64,-1,-1
258,2305,1183,586,44,36,-1,-1
258,2306,945,488,46,35,-1,-1
258,2307,999,510,39,37,-1,-1
258,2308,970,484,42,31,-1,-1
258,2311,1072,486,37,30,-1,-1
258,2312,998,484,32,29,-1,-1
259,2284,20,311,94,64,-1,-1
259,2305,1183,586,40,35,-1,-1
259,2306,943,489,47,35,-1,-1
259,2307,999,512,39,37,-1,-1
259,2308,970,485,41,31,-1,-1
259,2311,1072,486,36,29,-1,-1
259,2312,995,484,32,29,-1,-1
260,2284,20,311,94,64,-1,-1
260,2305,1183,586,36,34,-1,-1
260,2306,941,489,48,36,-1,-1
260,2307,998,513,40,37,-1,-1
260,2308,971,485,40,30,-1,-1
260,2311,1072,486,36,29,-1,-1
260,2312,993,484,33,29,-1,-1
261,2284,20,311,94,64,-1,-1
261,2305,1183,586,33,33,-1,-1
261,2306,939,489,49,37,-1,-1
261,2307,997,515,41,37,-1,-1
261,2308,971,485,40,30,-1,-1
261,2311,1072,486,36,29,-1,-1
261,2312,991,484,33,29,-1,-1
262,2284,20,311,94,64,-1,-1
262,2305,1184,586,31,32,-1,-1
262,2306,936,490,50,38,-1,-1
262,2307,996,516,41,37,-1,-1
262,2308,971,485,39,30,-1,-1
262,2311,1072,486,36,29,-1,-1
262,2312,988,485,33,28,-1,-1
263,2284,20,311,94,64,-1,-1
263,2305,1184,586,29,31,-1,-1
263,2306,934,490,51,39,-1,-1
263,2307,994,517,42,38,-1,-1
263,2308,972,486,38,29,-1,-1
263,2311,1072,486,36,29,-1,-1
263,2312,986,485,33,28,-1,-1
264,2284,20,311,94,64,-1,-1
264,2305,1184,586,28,31,-1,-1
264,2306,932,490,52,40,-1,-1
264,2307,993,518,43,39,-1,-1
264,2308,972,486,38,29,-1,-1
264,2311,1072,486,36,29,-1,-1
264,2312,984,485,34,28,-1,-1
265,2284,20,311,94,64,-1,-1
265,2305,1184,586,28,31,-1,-1
265,2306,930,491,53,41,-1,-1
265,2307,991,519,44,39,-1,-1
265,2308,972,486,37,28,-1,-1
265,2311,1072,486,36,29,-1,-1
265,2312,981,485,34,28,-1,-1
266,2284,20,311,94,64,-1,-1
266,2305,1184,586,28,31,-1,-1
266,2306,928,491,53,42,-1,-1
266,2307,989,519,45,40,-1,-1
266,2308,973,486,36,28,-1,-1
266,2311,1072,486,36,29,-1,-1
266,2312,979,486,34,28,-1,-1
267,2284,20,311,94,64,-1,-1
267,2305,1184,586,28,32,-1,-1
267,2306,926,491,52,42,-1,-1
267,2307,988,520,45,41,-1,-1
267,2308,973,486,36,28,-1,-1
267,2311,1072,486,35,29,-1,-1
267,2312,977,486,34,28,-1,-1
267,2313,958,494,47,39,-1,-1
268,2284,20,311,94,64,-1,-1
268,2305,1184,586,29,32,-1,-1
268,2306,924,491,52,43,-1,-1
268,2307,987,521,46,42,-1,-1
268,2308,973,487,35,27,-1,-1
268,2311,1073,486,35,29,-1,-1
268,2312,974,486,35,28,-1,-1
268,2313,959,494,47,38,-1,-1
269,2284,20,311,94,64,-1,-1
269,2305,1184,587,31,33,-1,-1
269,2306,921,492,51,44,-1,-1
269,2307,986,521,46,43,-1,-1
269,2308,974,487,34,27,-1,-1
269,2311,1073,486,35,28,-1,-1
269,2312,972,486,35,28,-1,-1
269,2313,960,495,46,37,-1,-1
270,2284,20,311,94,64,-1,-1
270,2305,1184,587,33,34,-1,-1
270,2306,919,492,51,45,-1,-1
270,2307,985,522,46,44,-1,-1
270,2308,974,487,34,27,-1,-1
270,2311,1073,486,35,28,-1,-1
270,2312,970,486,35,28,-1,-1
270,2313,960,495,46,37,-1,-1
271,2284,20,311,94,64,-1,-1
271,2305,1184,587,36,34,-1,-1
271,2306,917,492,50,46,-1,-1
271,2307,983,523,47,44,-1,-1
271,2308,974,487,33,26,-1,-1
271,2311,1073,486,35,28,-1,-1
271,2312,967,487,35,28,-1,-1
271,2313,961,496,45,36,-1,-1
272,2284,20,311,94,64,-1,-1
272,2305,1184,587,39,35,-1,-1
272,2306,915,492,50,47,-1,-1
272,2307,980,523,50,45,-1,-1
272,2308,975,488,32,26,-1,-1
272,2309,939,497,45,36,-1,-1
272,2311,1073,486,35,28,-1,-1
272,2312,965,487,36,28,-1,-1
272,2313,961,496,44,35,-1,-1
273,2284,20,311,94,64,-1,-1
273,2305,1184,587,43,35,-1,-1
273,2306,912,493,50,48,-1,-1
273,2307,976,524,52,46,-1,-1
273,2308,975,488,32,25,-1,-1
273,2309,941,497,43,35,-1,-1
273,2310,181,304,121,60,-1,-1
273,2311,1073,486,35,28,-1,-1
273,2312,963,487,36,28,-1,-1
273,2313,962,497,44,34,-1,-1
274,2284,20,311,94,64,-1,-1
274,2305,1184,587,46,36,-1,-1
274,2306,909,493,50,49,-1,-1
274,2307,973,525,55,47,-1,-1
274,2308,975,488,31,25,-1,-1
274,2309,942,497,42,35,-1,-1
274,2310,181,304,121,60,-1,-1
274,2311,1073,486,34,28,-1,-1
274,2312,960,487,36,27,-1,-1
274,2313,963,497,43,34,-1,-1
275,2284,20,311,94,64,-1,-1
275,2305,1184,587,48,36,-1,-1
275,2306,906,493,50,50,-1,-1
275,2307,970,526,56,47,-1,-1
275,2308,976,488,30,25,-1,-1
275,2309,943,497,41,34,-1,-1
275,2310,181,304,121,60,-1,-1
275,2311,1073,486,34,28,-1,-1
275,2312,958,488,36,27,-1,-1
275,2313,963,498,43,33,-1,-1
276,2284,20,311,94,64,-1,-1
276,2305,1184,587,50,36,-1,-1
276,2306,903,494,51,50,-1,-1
276,2307,968,527,57,48,-1,-1
276,2308,976,489,30,24,-1,-1
276,2309,944,497,40,34,-1,-1
276,2310,181,304,121,60,-1,-1
276,2311,1073,486,34,28,-1,-1
276,2312,956,488,37,27,-1,-1
276,2313,964,498,42,32,-1,-1
277,2284,20,311,94,64,-1,-1
277,2305,1184,587,52,37,-1,-1
277,2306,900,494,52,51,-1,-1
277,2307,967,529,57,49,-1,-1
277,2308,976,489,29,24,-1,-1
277,2309,945,498,39,33,-1,-1
277,2310,180,304,121,60,-1,-1
277,2311,1073,486,34,28,-1,-1
277,2312,953,488,37,27,-1,-1
277,2313,964,499,41,32,-1,-1
278,2284,20,311,94,64,-1,-1
278,2305,1184,587,52,37,-1,-1
278,2306,896,494,53,52,-1,-1
278,2307,966,530,57,50,-1,-1
278,2308,976,489,28,24,-1,-1
278,2309,945,498,39,32,-1,-1
278,2310,180,304,121,59,-1,-1
278,2311,1073,486,34,28,-1,-1
278,2312,951,488,37,27,-1,-1
279,2284,20,311,94,64,-1,-1
279,2305,1184,588,53,37,-1,-1
279,2306,892,495,54,53,-1,-1
279,2307,964,531,57,50,-1,-1
279,2308,977,489,28,23,-1,-1
279,2309,946,498,39,32,-1,-1
279,2310,180,304,121,59,-1,-1
279,2311,1073,486,34,27,-1,-1
279,2312,949,488,37,27,-1,-1
280,2284,20,311,94,64,-1,-1
280,2305,1184,588,53,36,-1,-1
280,2306,888,495,56,54,-1,-1
280,2307,961,533,57,51,-1,-1
280,2308,977,490,27,23,-1,-1
280,2309,946,499,38,31,-1,-1
280,2310,180,304,121,59,-1,-1
280,2311,1074,486,34,27,-1,-1
280,2312,946,489,37,27,-1,-1
281,2284,20,311,94,64,-1,-1
281,2305,1184,588,52,36,-1,-1
281,2306,884,495,58,55,-1,-1
281,2307,958,534,59,52,-1,-1
281,2308,977,490,26,22,-1,-1
281,2309,946,499,38,31,-1,-1
281,2310,180,304,121,59,-1,-1
281,2311,1074,486,34,27,-1,-1
281,2312,944,489,38,27,-1,-1
282,2284,20,311,94,64,-1,-1
282,2305,1185,588,52,36,-1,-1
282,2306,879,495,59,56,-1,-1
282,2307,953,536,61,53,-1,-1
282,2309,946,499,38,30,-1,-1
282,2310,180,304,121,59,-1,-1
282,2311,1074,486,33,27,-1,-1
283,2284,20,311,94,64,-1,-1
283,2305,1185,588,50,36,-1,-1
283,2306,874,496,62,57,-1,-1
283,2307,948,537,64,54,-1,-1
283,2309,946,500,38,30,-1,-1
283,2311,1074,487,33,27,-1,-1
284,2284,20,311,94,64,-1,-1
284,2305,1185,588,48,35,-1,-1
284,2306,869,496,64,58,-1,-1
284,2307,943,538,66,55,-1,-1
284,2309,945,500,38,30,-1,-1
284,2311,1074,487,33,27,-1,-1
285,2284,20,311,94,64,-1,-1
285,2305,1185,588,46,35,-1,-1
285,2306,863,496,66,59,-1,-1
285,2307,938,539,68,56,-1,-1
285,2309,944,501,38,29,-1,-1
285,2311,1074,487,33,27,-1,-1
286,2284,20,311,94,64,-1,-1
286,2305,1185,588,43,35,-1,-1
286,2306,857,496,69,60,-1,-1
286,2307,934,540,69,57,-1,-1
286,2309,943,501,39,29,-1,-1
286,2311,1074,487,33,27,-1,-1
286,2314,954,641,189,150,-1,-1
287,2284,20,311,94,64,-1,-1
287,2305,1185,588,39,34,-1,-1
287,2306,850,496,72,61,-1,-1
287,2307,929,541,70,58,-1,-1
287,2309,942,502,39,29,-1,-1
287,2311,1074,487,33,27,-1,-1
287,2314,970,638,179,144,-1,-1
288,2284,20,311,94,64,-1,-1
288,2305,1185,588,37,34,-1,-1
288,2306,843,496,75,62,-1,-1
288,2307,923,542,72,60,-1,-1
288,2309,941,502,39,29,-1,-1
288,2311,1074,487,33,27,-1,-1
288,2314,985,636,169,138,-1,-1
289,2284,20,311,94,64,-1,-1
289,2305,1185,588,34,33,-1,-1
289,2306,835,496,78,63,-1,-1
289,2307,915,542,75,62,-1,-1
289,2309,939,502,40,30,-1,-1
289,2311,1074,487,33,26,-1,-1
289,2314,1000,633,158,132,-1,-1
290,2284,20,311,94,64,-1,-1
290,2305,1185,588,32,33,-1,-1
290,2306,826,496,81,65,-1,-1
290,2307,907,543,78,63,-1,-1
290,2309,937,503,40,30,-1,-1
290,2311,1074,487,32,26,-1,-1
290,2314,1016,630,148,126,-1,-1
291,2284,20,311,94,64,-1,-1
291,2305,1185,589,31,33,-1,-1
291,2306,817,496,85,66,-1,-1
291,2307,898,543,81,65,-1,-1
291,2309,934,503,41,30,-1,-1
291,2311,1074,487,32,26,-1,-1
291,2314,1031,627,138,120,-1,-1
292,2284,20,311,94,64,-1,-1
292,2306,806,496,88,67,-1,-1
292,2307,887,544,85,67,-1,-1
292,2309,932,503,42,31,-1,-1
292,2311,1075,487,32,26,-1,-1
292,2314,1047,625,128,115,-1,-1
293,2284,20,311,94,64,-1,-1
293,2306,795,496,92,68,-1,-1
293,2307,876,544,89,69,-1,-1
293,2309,929,504,43,31,-1,-1
293,2311,1075,487,32,26,-1,-1
293,2314,1062,622,118,109,-1,-1
294,2284,20,311,94,64,-1,-1
294,2306,783,496,96,69,-1,-1
294,2307,862,544,94,72,-1,-1
294,2309,927,504,43,32,-1,-1
294,2311,1075,487,32,26,-1,-1
294,2314,1077,619,108,103,-1,-1
295,2284,20,311,94,64,-1,-1
295,2306,770,496,101,71,-1,-1
295,2307,847,544,101,74,-1,-1
295,2309,924,504,44,33,-1,-1
295,2311,1075,487,32,26,-1,-1
295,2314,1093,617,97,97,-1,-1
296,2284,20,311,94,64,-1,-1
296,2306,756,496,106,72,-1,-1
296,2307,829,544,109,76,-1,-1
296,2309,921,505,45,33,-1,-1
296,2311,1075,487,32,26,-1,-1
297,2284,20,311,94,64,-1,-1
297,2306,741,496,111,73,-1,-1
297,2307,810,543,118,79,-1,-1
297,2309,919,506,45,34,-1,-1
297,2311,1075,487,31,26,-1,-1
298,2284,20,311,94,64,-1,-1
298,2306,726,496,117,74,-1,-1
298,2307,790,543,127,81,-1,-1
298,2309,916,506,46,34,-1,-1
298,2311,1075,487,31,26,-1,-1
299,2284,20,311,94,64,-1,-1
299,2306,710,496,122,75,-1,-1
299,2307,768,541,137,84,-1,-1
299,2309,913,507,47,35,-1,-1
299,2311,1075,487,31,25,-1,-1
300,2284,20,311,94,64,-1,-1
300,2306,694,496,129,76,-1,-1
300,2307,742,539,148,87,-1,-1
300,2309,910,508,48,35,-1,-1
300,2311,1075,487,31,25,-1,-1
301,2284,20,311,94,64,-1,-1
301,2307,714,537,161,90,-1,-1
301,2309,907,509,49,36,-1,-1
301,2311,1075,487,31,25,-1,-1
302,2284,20,311,94,64,-1,-1
302,2307,680,533,176,94,-1,-1
302,2309,903,510,50,37,-1,-1
302,2311,1075,487,31,25,-1,-1
303,2284,20,311,94,64,-1,-1
303,2307,641,529,194,97,-1,-1
303,2309,899,510,51,37,-1,-1
303,2311,1075,487,31,25,-1,-1
303,2316,200,310,103,54,-1,-1
304,2284,20,311,94,64,-1,-1
304,2307,597,524,214,102,-1,-1
304,2309,895,511,52,38,-1,-1
304,2311,1075,487,31,25,-1,-1
304,2247,608,488,210,64,-1,-1
304,2316,199,310,104,54,-1,-1
305,2284,20,311,94,64,-1,-1
305,2307,549,518,233,106,-1,-1
305,2309,891,512,54,39,-1,-1
305,2311,1076,487,30,25,-1,-1
305,2247,557,477,217,73,-1,-1
305,2316,198,310,105,54,-1,-1
306,2284,20,311,94,64,-1,-1
306,2307,500,512,251,111,-1,-1
306,2309,886,512,55,40,-1,-1
306,2311,1076,487,30,25,-1,-1
306,2247,507,466,225,81,-1,-1
306,2316,197,309,106,55,-1,-1
307,2284,20,311,94,64,-1,-1
307,2307,448,505,267,116,-1,-1
307,2309,880,512,57,41,-1,-1
307,2311,1076,487,30,25,-1,-1
307,2247,457,455,233,89,-1,-1
307,2316,196,309,107,55,-1,-1
307,2321,1182,585,55,40,-1,-1
308,2284,20,311,94,64,-1,-1
308,2307,388,497,286,122,-1,-1
308,2309,875,513,59,43,-1,-1
308,2311,1076,487,30,24,-1,-1
308,2247,406,444,241,97,-1,-1
308,2316,195,309,108,55,-1,-1
308,2321,1182,585,55,40,-1,-1
309,2284,20,311,94,64,-1,-1
309,2307,313,489,315,129,-1,-1
309,2309,869,513,61,44,-1,-1
309,2311,1076,487,30,24,-1,-1
309,2247,356,433,248,105,-1,-1
309,2316,194,308,110,56,-1,-1
309,2321,1182,585,54,40,-1,-1
310,2284,20,311,94,64,-1,-1
310,2307,222,481,354,136,-1,-1
310,2309,862,513,63,45,-1,-1
310,2311,1076,487,30,24,-1,-1
310,2247,305,422,256,114,-1,-1
310,2316,193,308,111,56,-1,-1
310,2321,1182,585,54,40,-1,-1
311,2284,20,311,94,64,-1,-1
311,2307,127,472,391,144,-1,-1
311,2309,855,512,65,47,-1,-1
311,2311,1076,487,30,24,-1,-1
311,2247,255,411,264,122,-1,-1
311,2316,192,308,112,56,-1,-1
311,2321,1182,585,54,40,-1,-1
312,2284,20,311,94,64,-1,-1
312,2307,49,464,404,152,-1,-1
312,2309,848,512,68,49,-1,-1
312,2311,1076,487,29,24,-1,-1
312,2247,204,400,271,130,-1,-1
312,2316,190,307,113,57,-1,-1
312,2321,1182,585,54,40,-1,-1
313,2284,20,311,94,64,-1,-1
313,2307,6,456,377,161,-1,-1
313,2309,840,512,70,50,-1,-1
313,2311,1076,487,29,24,-1,-1
313,2247,154,389,279,138,-1,-1
313,2316,189,307,114,57,-1,-1
313,2321,1182,585,54,40,-1,-1
314,2284,20,311,94,64,-1,-1
314,2307,-5,448,313,169,-1,-1
314,2309,831,511,73,52,-1,-1
314,2311,1076,487,29,24,-1,-1
314,2247,103,378,287,146,-1,-1
314,2316,188,307,115,57,-1,-1
314,2321,1183,585,54,40,-1,-1
315,2284,20,311,94,64,-1,-1
315,2309,822,510,77,54,-1,-1
315,2311,1076,487,29,24,-1,-1
315,2247,53,367,294,155,-1,-1
315,2316,187,306,117,58,-1,-1
315,2321,1183,585,54,40,-1,-1
316,2284,20,311,94,64,-1,-1
316,2309,811,509,80,56,-1,-1
316,2311,1076,487,29,24,-1,-1
316,2247,3,356,302,163,-1,-1
316,2316,186,306,118,58,-1,-1
316,2321,1183,585,54,40,-1,-1
317,2284,20,311,94,64,-1,-1
317,2309,800,509,84,57,-1,-1
317,2311,1077,487,29,24,-1,-1
317,2247,-48,345,310,171,-1,-1
317,2316,185,306,119,58,-1,-1
317,2321,1183,585,54,40,-1,-1
318,2284,20,311,94,64,-1,-1
318,2309,788,508,88,59,-1,-1
318,2311,1077,487,29,23,-1,-1
318,2316,184,305,120,59,-1,-1
318,2321,1183,585,54,40,-1,-1
319,2284,20,311,94,64,-1,-1
319,2309,775,507,92,61,-1,-1
319,2311,1077,487,29,23,-1,-1
319,2316,183,305,121,59,-1,-1
319,2321,1183,585,54,40,-1,-1
320,2284,20,311,94,64,-1,-1
320,2309,761,506,96,62,-1,-1
320,2311,1077,488,28,23,-1,-1
320,2316,182,304,122,60,-1,-1
320,2321,1183,585,54,40,-1,-1
321,2284,20,311,94,64,-1,-1
321,2309,746,504,101,64,-1,-1
321,2311,1077,488,28,23,-1,-1
321,2316,181,304,123,60,-1,-1
321,2321,1183,585,53,40,-1,-1
322,2284,20,311,94,64,-1,-1
322,2309,729,503,106,65,-1,-1
322,2311,1077,488,28,23,-1,-1
322,2316,179,304,125,60,-1,-1
322,2321,1183,585,53,40,-1,-1
323,2284,20,311,94,64,-1,-1
323,2309,711,501,111,66,-1,-1
323,2311,1077,488,28,23,-1,-1
323,2321,1183,585,53,40,-1,-1
324,2284,20,311,94,64,-1,-1
324,2309,692,499,117,68,-1,-1
324,2311,1077,488,28,23,-1,-1
324,2254,927,496,45,34,-1,-1
324,2321,1183,585,53,40,-1,-1
325,2284,20,311,94,64,-1,-1
325,2309,670,497,123,70,-1,-1
325,2254,923,494,46,36,-1,-1
325,2321,1183,585,53,40,-1,-1
326,2284,20,311,94,64,-1,-1
326,2309,647,494,129,71,-1,-1
326,2254,921,493,46,38,-1,-1
326,2321,1183,585,53,40,-1,-1
327,2284,20,311,94,64,-1,-1
327,2309,622,491,137,73,-1,-1
327,2254,919,493,45,39,-1,-1
327,2321,1183,585,53,39,-1,-1
328,2284,20,311,94,64,-1,-1
328,2309,594,487,144,75,-1,-1
328,2254,916,492,46,41,-1,-1
328,2321,1183,585,53,39,-1,-1
329,2284,20,311,94,64,-1,-1
329,2309,563,482,153,78,-1,-1
329,2254,914,492,46,42,-1,-1
329,2321,1183,585,53,39,-1,-1
330,2284,20,311,94,64,-1,-1
330,2309,529,477,163,80,-1,-1
330,2254,910,491,48,44,-1,-1
330,2321,1183,585,53,39,-1,-1
331,2284,20,311,94,64,-1,-1
331,2309,492,471,174,83,-1,-1
331,2254,906,491,50,45,-1,-1
331,2321,1183,585,53,39,-1,-1
332,2284,20,311,94,64,-1,-1
332,2309,450,465,186,87,-1,-1
332,2254,902,492,52,46,-1,-1
332,2321,1183,585,52,39,-1,-1
333,2284,20,311,94,64,-1,-1
333,2309,405,457,199,91,-1,-1
333,2254,898,492,54,47,-1,-1
333,2321,1183,585,52,39,-1,-1
334,2284,20,311,94,64,-1,-1
334,2309,355,449,214,95,-1,-1
334,2254,895,492,55,48,-1,-1
334,2321,1183,585,52,39,-1,-1
335,2284,20,311,94,64,-1,-1
335,2309,302,441,229,100,-1,-1
335,2254,891,493,56,49,-1,-1
335,2143,72,586,490,229,-1,-1
335,2321,1183,585,52,39,-1,-1
336,2284,20,311,94,64,-1,-1
336,2309,244,431,246,105,-1,-1
336,2254,888,493,57,50,-1,-1
336,2143,152,588,454,217,-1,-1
336,2321,1183,585,52,39,-1,-1
337,2284,20,311,94,64,-1,-1
337,2309,183,422,263,110,-1,-1
337,2254,884,493,58,52,-1,-1
337,2143,232,590,417,206,-1,-1
337,2321,1183,585,52,39,-1,-1
338,2284,20,311,94,64,-1,-1
338,2309,119,412,280,116,-1,-1
338,2254,879,494,60,53,-1,-1
338,2143,313,592,381,194,-1,-1
338,2321,1183,585,52,39,-1,-1
339,2284,20,311,94,64,-1,-1
339,2309,52,401,297,123,-1,-1
339,2254,873,494,62,54,-1,-1
339,2143,393,594,344,182,-1,-1
339,2321,1183,585,52,39,-1,-1
340,2284,20,311,94,64,-1,-1
340,2309,-16,391,314,129,-1,-1
340,2254,867,494,65,56,-1,-1
340,2143,473,596,308,170,-1,-1
340,2321,1183,585,52,39,-1,-1
341,2284,20,311,94,64,-1,-1
341,2254,861,495,68,57,-1,-1
341,2143,554,597,272,159,-1,-1
341,2321,1183,585,52,39,-1,-1
342,2284,20,311,94,64,-1,-1
342,2254,855,495,70,59,-1,-1
342,2143,634,599,235,147,-1,-1
342,2319,181,306,122,60,-1,-1
342,2321,1183,585,52,39,-1,-1
343,2284,20,311,94,64,-1,-1
343,2254,849,495,72,60,-1,-1
343,2143,714,601,199,135,-1,-1
343,2319,181,306,122,60,-1,-1
343,2321,1183,585,52,39,-1,-1
344,2284,20,311,94,64,-1,-1
344,2254,843,495,74,62,-1,-1
344,2143,795,603,163,124,-1,-1
344,2319,182,306,122,60,-1,-1
344,2321,1183,585,51,39,-1,-1
345,2284,20,311,94,64,-1,-1
345,2254,836,495,75,64,-1,-1
345,2319,182,306,122,60,-1,-1
345,2320,803,607,167,114,-1,-1
345,2321,1183,585,51,39,-1,-1
346,2284,20,311,94,64,-1,-1
346,2254,828,495,78,65,-1,-1
346,2319,182,306,122,60,-1,-1
346,2320,819,606,160,111,-1,-1
346,2321,1183,585,51,39,-1,-1
347,2284,20,311,94,64,-1,-1
347,2254,819,495,81,67,-1,-1
347,2319,182,306,122,60,-1,-1
347,2320,835,604,154,108,-1,-1
347,2321,1183,585,51,39,-1,-1
348,2284,20,311,94,64,-1,-1
348,2254,810,495,83,68,-1,-1
348,2319,182,306,123,60,-1,-1
348,2320,850,603,147,105,-1,-1
348,2321,1183,586,51,39,-1,-1
349,2284,20,311,94,64,-1,-1
349,2254,801,494,86,70,-1,-1
349,2319,182,306,123,59,-1,-1
349,2320,866,602,141,102,-1,-1
349,2321,1183,586,51,39,-1,-1
350,2284,20,311,94,64,-1,-1
350,2254,791,494,89,72,-1,-1
350,2319,182,306,123,59,-1,-1
350,2320,882,601,134,99,-1,-1
350,2321,1183,586,51,39,-1,-1
351,2284,20,311,94,64,-1,-1
351,2254,780,493,92,73,-1,-1
351,2319,182,306,123,59,-1,-1
351,2320,897,600,127,96,-1,-1
351,2321,1183,586,51,39,-1,-1
352,2284,20,311,94,64,-1,-1
352,2254,768,492,95,75,-1,-1
352,2319,182,306,123,59,-1,-1
352,2320,913,599,121,93,-1,-1
352,2321,1183,586,51,39,-1,-1
353,2284,20,311,94,64,-1,-1
353,2254,754,491,100,77,-1,-1
353,2320,929,598,114,90,-1,-1
353,2321,1183,586,51,39,-1,-1
354,2284,20,311,94,64,-1,-1
354,2254,740,490,105,79,-1,-1
354,2320,945,597,108,87,-1,-1
354,2321,1183,586,51,39,-1,-1
355,2284,20,311,94,64,-1,-1
355,2254,723,488,111,81,-1,-1
355,2320,960,596,101,84,-1,-1
355,2321,1183,586,50,39,-1,-1
356,2284,20,311,94,64,-1,-1
356,2254,704,486,118,83,-1,-1
356,2320,976,595,94,81,-1,-1
356,2321,1183,586,50,39,-1,-1
357,2284,20,311,94,64,-1,-1
357,2254,684,483,125,86,-1,-1
357,2320,992,594,88,78,-1,-1
357,2321,1183,586,50,39,-1,-1
358,2284,20,311,94,64,-1,-1
358,2254,662,480,132,88,-1,-1
358,2320,1007,592,81,75,-1,-1
358,2321,1183,586,50,39,-1,-1
359,2284,20,311,94,64,-1,-1
359,2254,639,476,139,91,-1,-1
359,2320,1023,591,75,72,-1,-1
359,2321,1183,586,50,39,-1,-1
360,2284,20,311,94,64,-1,-1
360,2254,614,472,147,94,-1,-1
360,2320,1039,590,68,69,-1,-1
360,2321,1183,586,50,38,-1,-1
361,2284,20,311,94,64,-1,-1
361,2254,586,468,155,97,-1,-1
361,2321,1183,586,50,38,-1,-1
362,2284,20,311,94,64,-1,-1
362,2254,555,463,164,101,-1,-1
362,2321,1183,586,50,38,-1,-1
363,2284,20,311,94,64,-1,-1
363,2254,521,457,173,104,-1,-1
363,2321,1183,586,50,38,-1,-1
364,2284,20,311,94,64,-1,-1
364,2254,486,450,182,108,-1,-1
364,2321,1183,586,50,38,-1,-1
365,2284,20,311,94,64,-1,-1
365,2254,446,443,193,113,-1,-1
365,2321,1183,586,50,38,-1,-1
366,2284,20,311,94,64,-1,-1
366,2254,400,434,206,118,-1,-1
366,2321,1183,586,50,38,-1,-1
367,2284,20,311,94,64,-1,-1
367,2254,348,425,223,123,-1,-1
367,2321,1183,586,49,38,-1,-1
368,2284,20,311,94,64,-1,-1
368,2254,287,415,243,130,-1,-1
368,2321,1183,586,49,38,-1,-1
369,2284,20,311,94,64,-1,-1
369,2254,218,404,267,136,-1,-1
369,2321,1183,586,49,38,-1,-1
370,2284,19,311,94,64,-1,-1
370,2254,145,392,290,144,-1,-1
370,2321,1183,586,49,38,-1,-1
371,2284,19,311,94,64,-1,-1
371,2254,77,380,303,151,-1,-1
371,2321,1183,586,49,38,-1,-1
372,2284,19,311,94,64,-1,-1
372,2254,26,367,293,160,-1,-1
372,2321,1183,586,49,38,-1,-1
373,2284,19,311,94,64,-1,-1
373,2254,0,353,252,168,-1,-1
373,2321,1183,586,49,38,-1,-1
374,2284,19,311,94,64,-1,-1
374,2254,-5,340,186,177,-1,-1
374,2321,1183,586,49,38,-1,-1
375,2284,19,311,94,64,-1,-1
375,2254,3,326,102,185,-1,-1
375,2321,1183,586,49,38,-1,-1
376,2284,19,311,94,64,-1,-1
376,2321,1183,586,49,38,-1,-1
377,2284,19,311,94,64,-1,-1
377,2321,1183,586,49,38,-1,-1
378,2284,19,311,94,64,-1,-1
378,2321,1183,586,49,38,-1,-1
379,2284,19,311,94,64,-1,-1
379,2321,1183,586,48,38,-1,-1
380,2284,19,311,94,64,-1,-1
380,2321,1183,586,48,38,-1,-1
381,2284,19,311,94,64,-1,-1
381,2321,1183,586,48,38,-1,-1
381,2322,998,515,38,33,-1,-1
382,2284,19,311,94,64,-1,-1
382,2321,1183,586,48,38,-1,-1
382,2322,994,515,40,34,-1,-1
383,2284,19,311,94,64,-1,-1
383,2321,1183,586,48,38,-1,-1
383,2322,992,515,41,35,-1,-1
384,2284,19,311,94,64,-1,-1
384,2321,1183,586,48,38,-1,-1
384,2322,991,516,41,36,-1,-1
385,2284,19,311,94,64,-1,-1
385,2321,1183,586,48,38,-1,-1
385,2322,990,516,42,37,-1,-1
386,2284,19,311,94,64,-1,-1
386,2321,1183,586,48,38,-1,-1
386,2322,989,517,42,38,-1,-1
387,2284,19,311,94,64,-1,-1
387,2321,1183,586,48,38,-1,-1
387,2322,987,518,44,39,-1,-1
388,2284,19,311,94,64,-1,-1
388,2321,1183,586,48,38,-1,-1
388,2322,985,518,45,39,-1,-1
389,2284,19,311,94,64,-1,-1
389,2321,1183,586,48,38,-1,-1
389,2322,983,519,46,40,-1,-1
390,2284,19,311,94,64,-1,-1
390,2321,1183,586,47,38,-1,-1
390,2322,981,520,47,41,-1,-1
391,2284,19,311,94,64,-1,-1
391,2321,1183,586,47,38,-1,-1
391,2322,979,522,47,42,-1,-1
392,2284,19,311,94,64,-1,-1
392,2321,1183,586,47,38,-1,-1
392,2322,977,523,48,42,-1,-1
393,2284,19,311,94,64,-1,-1
393,2321,1183,586,47,38,-1,-1
393,2322,975,524,48,43,-1,-1
393,2325,192,310,113,54,-1,-1
393,2326,1078,488,27,21,-1,-1
394,2284,19,311,94,64,-1,-1
394,2321,1183,586,47,37,-1,-1
394,2322,973,525,48,44,-1,-1
394,2325,192,310,113,54,-1,-1
394,2326,1078,488,27,21,-1,-1
395,2284,19,311,94,64,-1,-1
395,2321,1183,586,47,37,-1,-1
395,2322,972,526,48,45,-1,-1
395,2325,192,310,113,54,-1,-1
395,2326,1078,488,27,21,-1,-1
396,2284,19,311,94,64,-1,-1
396,2321,1183,586,47,37,-1,-1
396,2322,970,528,49,46,-1,-1
396,2325,192,310,113,54,-1,-1
396,2326,1078,488,27,22,-1,-1
397,2284,19,311,94,64,-1,-1
397,2321,1183,586,47,37,-1,-1
397,2322,968,529,50,47,-1,-1
397,2325,192,310,113,54,-1,-1
397,2326,1078,488,27,22,-1,-1
398,2284,19,311,94,64,-1,-1
398,2321,1183,586,47,37,-1,-1
398,2322,965,530,52,48,-1,-1
398,2323,821,600,165,106,-1,-1
398,2325,192,310,113,54,-1,-1
398,2326,1078,488,27,22,-1,-1
399,2284,19,311,94,64,-1,-1
399,2321,1183,586,47,37,-1,-1
399,2322,962,531,54,49,-1,-1
399,2323,840,599,158,103,-1,-1
399,2325,192,310,113,54,-1,-1
399,2326,1078,488,27,22,-1,-1
400,2284,19,311,94,64,-1,-1
400,2321,1183,586,47,37,-1,-1
400,2322,958,532,56,50,-1,-1
400,2323,858,598,150,100,-1,-1
400,2325,191,310,113,54,-1,-1
400,2326,1078,488,27,22,-1,-1
401,2284,19,311,94,64,-1,-1
401,2321,1183,586,47,37,-1,-1
401,2322,953,533,59,52,-1,-1
401,2323,877,596,142,97,-1,-1
401,2325,191,310,113,54,-1,-1
401,2326,1078,488,27,22,-1,-1
402,2284,19,311,94,64,-1,-1
402,2321,1183,586,46,37,-1,-1
402,2322,946,534,63,53,-1,-1
402,2323,896,595,135,94,-1,-1
402,2325,191,310,113,54,-1,-1
402,2326,1078,488,28,22,-1,-1
403,2284,19,311,94,64,-1,-1
403,2321,1183,586,46,37,-1,-1
403,2322,939,536,66,54,-1,-1
403,2323,914,594,127,91,-1,-1
403,2325,191,310,113,54,-1,-1
403,2326,1078,488,28,22,-1,-1
404,2284,19,311,94,64,-1,-1
404,2321,1183,586,46,37,-1,-1
404,2322,933,537,68,55,-1,-1
404,2323,933,593,120,88,-1,-1
404,2325,191,310,113,54,-1,-1
404,2326,1078,488,28,22,-1,-1
405,2284,19,311,94,64,-1,-1
405,2321,1183,586,46,37,-1,-1
405,2322,927,537,69,56,-1,-1
405,2323,951,591,112,85,-1,-1
405,2325,191,310,113,54,-1,-1
405,2326,1078,487,28,22,-1,-1
406,2284,19,311,94,64,-1,-1
406,2321,1183,586,46,37,-1,-1
406,2322,920,538,70,58,-1,-1
406,2323,970,590,105,82,-1,-1
406,2325,191,310,113,54,-1,-1
406,2326,1078,487,28,22,-1,-1
407,2284,19,311,94,64,-1,-1
407,2321,1184,587,46,37,-1,-1
407,2322,913,539,72,59,-1,-1
407,2323,989,589,97,79,-1,-1
407,2325,191,310,113,54,-1,-1
407,2326,1078,487,28,22,-1,-1
408,2284,19,311,94,64,-1,-1
408,2321,1184,587,46,37,-1,-1
408,2322,904,540,74,60,-1,-1
408,2323,1007,588,89,77,-1,-1
408,2325,191,310,113,54,-1,-1
408,2326,1078,487,28,22,-1,-1
409,2284,19,311,94,64,-1,-1
409,2321,1184,587,46,37,-1,-1
409,2322,893,540,78,62,-1,-1
409,2323,1026,586,82,74,-1,-1
409,2324,941,499,41,31,-1,-1
409,2325,191,310,113,54,-1,-1
409,2326,1078,487,28,22,-1,-1
410,2284,19,311,94,64,-1,-1
410,2321,1184,587,46,37,-1,-1
410,2322,882,540,82,64,-1,-1
410,2324,938,499,41,32,-1,-1
410,2325,191,310,113,54,-1,-1
410,2326,1078,487,28,22,-1,-1
411,2284,19,311,94,64,-1,-1
411,2321,1184,587,46,37,-1,-1
411,2322,869,540,87,65,-1,-1
411,2324,936,499,41,32,-1,-1
411,2325,191,310,113,54,-1,-1
411,2326,1078,487,28,22,-1,-1
412,2284,19,311,94,64,-1,-1
412,2321,1184,587,46,37,-1,-1
412,2322,854,540,93,67,-1,-1
412,2324,933,499,41,33,-1,-1
412,2325,190,310,113,54,-1,-1
412,2326,1078,487,28,22,-1,-1
413,2284,19,311,94,64,-1,-1
413,2321,1184,587,45,37,-1,-1
413,2322,837,539,100,70,-1,-1
413,2324,930,499,42,33,-1,-1
413,2325,190,310,113,54,-1,-1
413,2326,1078,487,29,22,-1,-1
414,2284,19,311,94,64,-1,-1
414,2321,1184,587,45,37,-1,-1
414,2322,818,538,108,72,-1,-1
414,2324,928,500,43,34,-1,-1
414,2325,190,310,114,54,-1,-1
414,2326,1078,487,29,22,-1,-1
415,2284,19,311,94,64,-1,-1
415,2321,1184,587,45,37,-1,-1
415,2322,798,537,117,75,-1,-1
415,2324,926,500,43,34,-1,-1
415,2325,190,310,114,55,-1,-1
415,2326,1078,487,29,22,-1,-1
416,2284,19,311,94,64,-1,-1
416,2321,1184,587,45,37,-1,-1
416,2322,776,535,127,78,-1,-1
416,2324,924,500,44,35,-1,-1
416,2325,190,309,114,55,-1,-1
416,2326,1078,487,29,22,-1,-1
417,2284,19,311,94,64,-1,-1
417,2321,1184,587,45,37,-1,-1
417,2322,751,533,136,81,-1,-1
417,2324,920,500,46,36,-1,-1
417,2325,190,309,114,55,-1,-1
417,2326,1078,486,29,22,-1,-1
418,2284,19,311,94,64,-1,-1
418,2321,1184,587,45,37,-1,-1
418,2322,725,530,145,84,-1,-1
418,2324,916,501,48,37,-1,-1
418,2325,190,309,114,55,-1,-1
418,2326,1078,486,29,22,-1,-1
419,2284,19,311,94,64,-1,-1
419,2321,1184,587,45,37,-1,-1
419,2322,696,527,155,88,-1,-1
419,2324,912,501,51,38,-1,-1
419,2325,190,309,114,55,-1,-1
419,2326,1078,486,29,23,-1,-1
420,2284,19,311,94,64,-1,-1
420,2321,1184,587,45,37,-1,-1
420,2322,664,523,166,92,-1,-1
420,2324,907,501,54,39,-1,-1
420,2325,190,309,114,55,-1,-1
420,2326,1078,486,29,23,-1,-1
421,2284,19,311,94,64,-1,-1
421,2321,1184,587,45,37,-1,-1
421,2322,627,518,179,97,-1,-1
421,2324,902,501,56,40,-1,-1
421,2325,190,309,114,55,-1,-1
421,2326,1078,486,29,23,-1,-1
422,2284,19,311,94,64,-1,-1
422,2321,1184,587,45,37,-1,-1
422,2322,586,512,194,102,-1,-1
422,2324,898,501,57,41,-1,-1
422,2325,190,309,114,55,-1,-1
422,2326,1078,486,29,23,-1,-1
423,2284,19,311,94,64,-1,-1
423,2321,1184,587,45,37,-1,-1
423,2322,539,506,211,107,-1,-1
423,2324,895,501,57,42,-1,-1
423,2325,190,309,114,55,-1,-1
423,2326,1078,486,29,23,-1,-1
424,2284,19,311,94,64,-1,-1
424,2321,1184,587,45,37,-1,-1
424,2322,487,499,232,113,-1,-1
424,2324,891,501,56,43,-1,-1
424,2325,190,309,114,55,-1,-1
424,2326,1078,486,30,23,-1,-1
425,2284,19,311,94,64,-1,-1
425,2321,1184,587,44,37,-1,-1
425,2322,427,492,256,119,-1,-1
425,2324,886,501,57,44,-1,-1
425,2325,189,309,114,55,-1,-1
425,2326,1078,486,30,23,-1,-1
426,2284,19,311,94,64,-1,-1
426,2321,1184,587,44,37,-1,-1
426,2322,358,484,285,125,-1,-1
426,2324,880,502,59,45,-1,-1
426,2325,189,309,114,55,-1,-1
426,2326,1078,486,30,23,-1,-1
427,2284,19,311,94,64,-1,-1
427,2321,1184,587,44,37,-1,-1
427,2322,278,475,318,132,-1,-1
427,2324,874,502,61,46,-1,-1
427,2325,189,309,114,55,-1,-1
427,2326,1078,486,30,23,-1,-1
428,2284,19,311,94,64,-1,-1
428,2321,1184,587,44,36,-1,-1
428,2322,189,466,355,139,-1,-1
428,2324,869,503,61,47,-1,-1
428,2325,189,309,114,55,-1,-1
428,2326,1078,485,30,23,-1,-1
429,2284,19,311,94,64,-1,-1
429,2321,1184,587,44,36,-1,-1
429,2322,100,457,382,146,-1,-1
429,2324,863,503,62,48,-1,-1
429,2325,189,309,114,55,-1,-1
429,2326,1078,485,30,23,-1,-1
430,2284,19,311,94,64,-1,-1
430,2321,1184,587,44,36,-1,-1
430,2322,33,448,382,154,-1,-1
430,2324,856,503,64,49,-1,-1
430,2325,189,309,114,55,-1,-1
430,2326,1078,485,30,23,-1,-1
431,2284,19,311,94,64,-1,-1
431,2321,1184,587,44,36,-1,-1
431,2322,-1,438,340,161,-1,-1
431,2324,848,503,67,50,-1,-1
431,2325,189,309,114,55,-1,-1
431,2326,1078,485,30,23,-1,-1
432,2284,19,311,94,64,-1,-1
432,2321,1184,587,44,36,-1,-1
432,2322,-6,428,263,169,-1,-1
432,2324,839,504,71,52,-1,-1
432,2325,189,309,114,55,-1,-1
432,2326,1078,485,30,23,-1,-1
433,2284,19,311,94,64,-1,-1
433,2321,1184,587,44,36,-1,-1
433,2322,7,418,164,176,-1,-1
433,2324,832,504,73,53,-1,-1
433,2325,189,309,114,55,-1,-1
433,2326,1078,485,30,23,-1,-1
434,2284,19,311,94,64,-1,-1
434,2321,1184,587,44,36,-1,-1
434,2324,825,503,75,55,-1,-1
434,2325,189,309,114,55,-1,-1
434,2326,1078,485,30,23,-1,-1
435,2284,19,311,94,64,-1,-1
435,2321,1184,587,44,36,-1,-1
435,2324,816,503,77,56,-1,-1
435,2325,189,309,115,55,-1,-1
435,2326,1078,485,30,23,-1,-1
436,2284,19,311,94,64,-1,-1
436,2321,1184,587,43,36,-1,-1
436,2324,807,503,80,58,-1,-1
436,2325,189,309,115,55,-1,-1
436,2326,1078,485,31,23,-1,-1
437,2284,19,311,94,64,-1,-1
437,2321,1184,587,43,36,-1,-1
437,2324,797,502,83,60,-1,-1
437,2325,189,309,115,55,-1,-1
437,2326,1078,485,31,23,-1,-1
438,2284,19,311,94,64,-1,-1
438,2321,1184,587,43,36,-1,-1
438,2324,786,502,86,62,-1,-1
438,2325,188,309,115,55,-1,-1
438,2326,1078,485,31,23,-1,-1
439,2284,19,311,94,64,-1,-1
439,2321,1184,587,43,36,-1,-1
439,2324,773,501,90,64,-1,-1
439,2325,188,309,115,55,-1,-1
439,2326,1078,485,31,23,-1,-1
440,2284,19,311,94,64,-1,-1
440,2321,1184,587,43,36,-1,-1
440,2324,759,500,95,65,-1,-1
440,2325,188,309,115,55,-1,-1
440,2326,1078,484,31,23,-1,-1
441,2284,19,311,94,64,-1,-1
441,2321,1184,587,43,36,-1,-1
441,2324,744,499,99,67,-1,-1
441,2325,188,309,115,55,-1,-1
441,2326,1078,484,31,23,-1,-1
442,2284,19,311,94,64,-1,-1
442,2321,1184,587,43,36,-1,-1
442,2324,727,498,104,69,-1,-1
442,2325,188,309,115,55,-1,-1
442,2326,1078,484,31,23,-1,-1
443,2284,19,311,94,64,-1,-1
443,2321,1184,587,43,36,-1,-1
443,2324,707,496,111,71,-1,-1
443,2325,188,309,115,55,-1,-1
443,2326,1078,484,31,24,-1,-1
444,2284,19,311,94,64,-1,-1
444,2321,1184,587,43,36,-1,-1
444,2324,685,494,120,73,-1,-1
444,2325,188,309,115,55,-1,-1
444,2326,1078,484,31,24,-1,-1
445,2284,19,311,94,64,-1,-1
445,2321,1184,587,43,36,-1,-1
445,2324,660,492,130,75,-1,-1
445,2325,188,309,115,55,-1,-1
445,2326,1078,484,31,24,-1,-1
446,2284,19,311,94,64,-1,-1
446,2321,1184,587,43,36,-1,-1
446,2324,634,489,138,76,-1,-1
446,2325,188,309,115,55,-1,-1
446,2326,1078,484,31,24,-1,-1
447,2284,19,311,94,64,-1,-1
447,2321,1184,587,43,36,-1,-1
447,2324,608,486,146,78,-1,-1
447,2325,188,309,115,55,-1,-1
447,2326,1078,484,32,24,-1,-1
448,2284,19,311,94,64,-1,-1
448,2321,1184,587,42,36,-1,-1
448,2324,580,482,154,81,-1,-1
448,2325,188,309,115,55,-1,-1
448,2326,1078,484,32,24,-1,-1
449,2284,19,311,94,64,-1,-1
449,2321,1184,587,42,36,-1,-1
449,2324,547,477,163,83,-1,-1
449,2325,188,309,115,55,-1,-1
449,2326,1078,484,32,24,-1,-1
450,2284,19,311,94,64,-1,-1
450,2321,1184,587,42,36,-1,-1
450,2324,510,472,176,86,-1,-1
450,2325,188,309,115,55,-1,-1
450,2326,1078,484,32,24,-1,-1
451,2284,19,311,94,64,-1,-1
451,2321,1184,587,42,36,-1,-1
451,2324,468,465,190,89,-1,-1
451,2325,187,309,115,55,-1,-1
451,2326,1078,483,32,24,-1,-1
452,2284,19,311,94,64,-1,-1
452,2321,1184,587,42,36,-1,-1
452,2324,423,458,203,93,-1,-1
452,2325,187,309,115,55,-1,-1
452,2326,1078,483,32,24,-1,-1
453,2284,19,311,94,64,-1,-1
453,2321,1184,587,42,36,-1,-1
453,2324,374,449,217,98,-1,-1
453,2325,187,309,115,55,-1,-1
454,2284,19,311,94,64,-1,-1
454,2321,1184,587,42,36,-1,-1
454,2324,318,440,233,103,-1,-1
454,2325,187,309,115,55,-1,-1
455,2284,19,311,94,64,-1,-1
455,2321,1184,587,42,36,-1,-1
455,2324,250,429,256,109,-1,-1
455,2325,187,309,115,55,-1,-1
456,2284,19,311,94,64,-1,-1
456,2321,1184,587,42,36,-1,-1
456,2324,172,418,285,115,-1,-1
456,2325,187,309,116,55,-1,-1
457,2284,19,311,94,64,-1,-1
457,2321,1184,587,42,36,-1,-1
457,2324,93,407,310,122,-1,-1
457,2325,187,309,116,56,-1,-1
458,2284,19,311,94,64,-1,-1
458,2321,1184,587,42,36,-1,-1
458,2324,31,394,314,129,-1,-1
458,2325,187,309,116,56,-1,-1
459,2284,19,311,94,64,-1,-1
459,2321,1184,587,41,36,-1,-1
459,2324,-1,382,281,136,-1,-1
459,2325,187,309,116,56,-1,-1
460,2284,19,311,94,64,-1,-1
460,2321,1184,587,41,36,-1,-1
460,2324,-5,369,219,144,-1,-1
460,2325,187,309,116,56,-1,-1
461,2284,19,311,94,64,-1,-1
461,2321,1184,587,41,36,-1,-1
461,2325,187,309,116,56,-1,-1
462,2284,19,311,94,64,-1,-1
462,2321,1184,587,41,35,-1,-1
462,2325,187,309,116,56,-1,-1
463,2284,19,311,94,64,-1,-1
463,2321,1184,587,41,35,-1,-1
463,2325,187,309,116,56,-1,-1
464,2284,19,311,94,64,-1,-1
464,2321,1184,588,41,35,-1,-1
464,2325,186,309,116,56,-1,-1
465,2284,19,311,94,64,-1,-1
465,2321,1184,588,41,35,-1,-1
465,2325,186,309,116,56,-1,-1
466,2284,19,311,94,64,-1,-1
466,2321,1184,588,41,35,-1,-1
466,2325,186,309,116,56,-1,-1
467,2284,19,310,94,64,-1,-1
467,2321,1184,588,41,35,-1,-1
467,2325,186,308,116,56,-1,-1
468,2284,19,310,94,64,-1,-1
468,2321,1184,588,41,35,-1,-1
468,2325,186,308,116,56,-1,-1
469,2284,19,310,94,64,-1,-1
469,2321,1184,588,41,35,-1,-1
469,2325,186,308,116,56,-1,-1
470,2284,19,310,94,64,-1,-1
470,2321,1184,588,41,35,-1,-1
470,2325,186,308,116,56,-1,-1
471,2284,19,310,94,64,-1,-1
471,2321,1184,588,40,35,-1,-1
471,2325,186,308,116,56,-1,-1
472,2284,19,310,94,64,-1,-1
472,2321,1184,588,40,35,-1,-1
472,2325,186,308,116,56,-1,-1
473,2284,19,310,94,64,-1,-1
473,2321,1184,588,40,35,-1,-1
473,2325,186,308,116,56,-1,-1
474,2284,19,310,94,64,-1,-1
474,2321,1184,588,40,35,-1,-1
474,2325,186,308,116,56,-1,-1
475,2284,19,310,94,64,-1,-1
475,2321,1184,588,40,35,-1,-1
475,2325,186,308,116,56,-1,-1
476,2284,19,310,94,64,-1,-1
476,2321,1184,588,40,35,-1,-1
476,2325,186,308,116,56,-1,-1
477,2284,19,310,94,64,-1,-1
477,2321,1184,588,40,35,-1,-1
477,2325,185,308,116,56,-1,-1
478,2284,19,310,94,64,-1,-1
478,2321,1184,588,40,35,-1,-1
478,2325,185,308,117,56,-1,-1
479,2284,19,310,94,64,-1,-1
479,2321,1184,588,40,35,-1,-1
479,2325,185,308,117,56,-1,-1
480,2284,19,310,94,64,-1,-1
480,2321,1184,588,40,35,-1,-1
480,2325,185,308,117,56,-1,-1
481,2284,19,310,94,64,-1,-1
481,2321,1184,588,40,35,-1,-1
481,2325,185,308,117,56,-1,-1
482,2284,19,310,94,64,-1,-1
482,2321,1184,588,39,35,-1,-1
482,2325,185,308,117,56,-1,-1
482,2181,-1,469,572,327,-1,-1
483,2284,19,310,94,64,-1,-1
483,2321,1184,588,39,35,-1,-1
483,2325,185,308,117,56,-1,-1
483,2181,23,485,602,306,-1,-1
484,2284,19,310,94,64,-1,-1
484,2321,1184,588,39,35,-1,-1
484,2325,185,308,117,56,-1,-1
484,2181,118,501,560,285,-1,-1
485,2284,19,310,94,64,-1,-1
485,2321,1184,588,39,35,-1,-1
485,2325,185,308,117,56,-1,-1
485,2181,235,515,494,266,-1,-1
486,2284,19,310,94,64,-1,-1
486,2321,1184,588,39,35,-1,-1
486,2325,185,308,117,56,-1,-1
486,2181,334,527,441,248,-1,-1
487,2284,19,310,94,64,-1,-1
487,2321,1184,588,39,35,-1,-1
487,2325,185,308,117,56,-1,-1
487,2181,422,537,395,233,-1,-1
488,2284,19,310,94,64,-1,-1
488,2321,1184,588,39,35,-1,-1
488,2325,185,308,117,56,-1,-1
488,2181,498,546,355,219,-1,-1
489,2284,19,310,94,64,-1,-1
489,2321,1184,588,39,35,-1,-1
489,2325,185,308,117,56,-1,-1
489,2181,558,553,324,206,-1,-1
490,2284,19,310,94,64,-1,-1
490,2321,1184,588,39,35,-1,-1
490,2325,184,308,117,56,-1,-1
490,2181,611,559,298,195,-1,-1
491,2284,19,310,94,64,-1,-1
491,2321,1184,588,39,35,-1,-1
491,2325,184,308,117,56,-1,-1
491,2181,661,563,272,185,-1,-1
492,2284,19,310,94,64,-1,-1
492,2321,1184,588,39,35,-1,-1
492,2325,184,308,117,56,-1,-1
492,2181,703,567,251,176,-1,-1
493,2284,19,310,94,64,-1,-1
493,2321,1184,588,39,35,-1,-1
493,2325,184,308,117,56,-1,-1
493,2181,739,570,235,168,-1,-1
494,2284,19,310,94,64,-1,-1
494,2321,1184,588,38,35,-1,-1
494,2325,184,308,117,56,-1,-1
494,2181,772,572,219,160,-1,-1
495,2284,19,310,94,64,-1,-1
495,2321,1184,588,38,35,-1,-1
495,2325,184,308,117,56,-1,-1
495,2181,804,574,204,152,-1,-1
496,2284,19,310,94,64,-1,-1
496,2321,1184,588,38,34,-1,-1
496,2325,184,308,117,56,-1,-1
496,2181,831,576,191,145,-1,-1
496,2333,1181,583,23,20,-1,-1
497,2284,19,310,94,64,-1,-1
497,2321,1184,588,38,34,-1,-1
497,2325,184,308,117,56,-1,-1
497,2181,855,578,180,138,-1,-1
497,2333,1181,583,23,20,-1,-1
498,2284,19,310,94,64,-1,-1
498,2321,1184,588,38,34,-1,-1
498,2325,184,308,118,56,-1,-1
498,2181,876,579,170,131,-1,-1
498,2333,1181,583,24,21,-1,-1
499,2284,19,310,94,64,-1,-1
499,2321,1184,588,38,34,-1,-1
499,2325,184,308,118,56,-1,-1
499,2181,894,580,162,124,-1,-1
499,2333,1181,583,25,21,-1,-1
500,2284,19,310,94,64,-1,-1
500,2321,1184,588,38,34,-1,-1
500,2325,184,308,118,57,-1,-1
500,2181,909,581,155,118,-1,-1
500,2333,1181,583,26,22,-1,-1
501,2284,19,310,94,64,-1,-1
501,2321,1185,588,38,34,-1,-1
501,2325,184,308,118,57,-1,-1
501,2181,925,581,146,113,-1,-1
501,2329,1021,467,32,25,-1,-1
501,2330,1079,484,30,24,-1,-1
501,2333,1181,583,26,22,-1,-1
502,2284,19,310,94,64,-1,-1
502,2321,1185,588,38,34,-1,-1
502,2325,184,308,118,57,-1,-1
502,2181,940,581,138,108,-1,-1
502,2329,1021,467,32,25,-1,-1
502,2330,1079,484,30,24,-1,-1
502,2333,1181,583,27,23,-1,-1
503,2284,19,310,94,64,-1,-1
503,2321,1185,588,38,34,-1,-1
503,2325,183,308,118,57,-1,-1
503,2181,952,580,131,103,-1,-1
503,2329,1021,467,32,25,-1,-1
503,2330,1080,484,30,24,-1,-1
503,2333,1181,583,28,23,-1,-1
504,2284,19,310,94,64,-1,-1
504,2321,1185,588,38,34,-1,-1
504,2325,183,308,118,57,-1,-1
504,2181,964,579,123,99,-1,-1
504,2329,1021,467,32,25,-1,-1
504,2330,1080,484,30,24,-1,-1
504,2333,1181,583,29,24,-1,-1
505,2284,19,310,94,64,-1,-1
505,2321,1185,588,37,34,-1,-1
505,2325,183,308,118,57,-1,-1
505,2181,974,578,115,94,-1,-1
505,2329,1021,467,32,25,-1,-1
505,2330,1080,484,30,24,-1,-1
505,2333,1182,583,29,24,-1,-1
506,2284,19,310,94,64,-1,-1
506,2321,1185,588,37,34,-1,-1
506,2325,183,308,118,57,-1,-1
506,2181,983,577,108,90,-1,-1
506,2329,1021,467,32,25,-1,-1
506,2330,1080,484,30,24,-1,-1
506,2333,1182,583,30,25,-1,-1
507,2284,19,310,94,64,-1,-1
507,2321,1185,588,37,34,-1,-1
507,2325,183,308,118,57,-1,-1
507,2181,991,576,102,85,-1,-1
507,2180,-5,573,502,205,-1,-1
507,2329,1021,467,32,25,-1,-1
507,2330,1080,484,30,24,-1,-1
507,2333,1182,583,31,25,-1,-1
508,2284,19,310,94,64,-1,-1
508,2325,183,308,118,57,-1,-1
508,2181,997,576,98,80,-1,-1
508,2180,104,574,468,198,-1,-1
508,2329,1021,467,32,25,-1,-1
508,2330,1080,484,29,23,-1,-1
508,2333,1182,583,32,26,-1,-1
509,2284,19,310,94,64,-1,-1
509,2181,1005,577,94,73,-1,-1
509,2180,212,575,430,192,-1,-1
509,2329,1021,467,32,25,-1,-1
509,2330,1080,484,29,23,-1,-1
509,2333,1182,584,32,26,-1,-1
510,2284,19,310,94,64,-1,-1
510,2180,315,577,389,185,-1,-1
510,2329,1021,467,32,25,-1,-1
510,2330,1080,484,29,23,-1,-1
510,2333,1182,584,33,27,-1,-1
511,2284,19,310,94,64,-1,-1
511,2180,410,578,349,178,-1,-1
511,2329,1021,467,32,25,-1,-1
511,2330,1080,484,29,23,-1,-1
511,2331,957,498,34,28,-1,-1
511,2333,1182,584,34,27,-1,-1
512,2284,19,310,94,64,-1,-1
512,2180,491,579,311,172,-1,-1
512,2329,1021,467,32,25,-1,-1
512,2330,1080,484,29,23,-1,-1
512,2331,955,498,34,29,-1,-1
512,2333,1182,584,35,28,-1,-1
513,2284,19,310,94,64,-1,-1
513,2180,560,580,278,165,-1,-1
513,2329,1021,467,32,25,-1,-1
513,2330,1080,484,29,23,-1,-1
513,2331,954,498,34,29,-1,-1
513,2333,1182,584,35,28,-1,-1
514,2284,19,310,94,64,-1,-1
514,2180,619,581,250,158,-1,-1
514,2329,1021,467,31,25,-1,-1
514,2330,1080,484,29,23,-1,-1
514,2331,952,498,35,30,-1,-1
514,2333,1182,584,36,29,-1,-1
515,2284,19,310,94,64,-1,-1
515,2180,670,582,226,152,-1,-1
515,2329,1021,467,31,25,-1,-1
515,2330,1080,484,28,23,-1,-1
515,2331,950,498,35,30,-1,-1
515,2333,1182,584,37,29,-1,-1
516,2284,19,310,94,64,-1,-1
516,2180,715,583,204,145,-1,-1
516,2329,1021,467,31,25,-1,-1
516,2330,1080,484,28,23,-1,-1
516,2331,948,498,35,31,-1,-1
516,2333,1182,584,38,30,-1,-1
517,2284,19,310,94,64,-1,-1
517,2180,755,584,187,138,-1,-1
517,2329,1021,467,31,25,-1,-1
517,2330,1080,484,28,23,-1,-1
517,2331,947,498,36,31,-1,-1
517,2333,1182,584,38,30,-1,-1
518,2284,19,310,94,64,-1,-1
518,2180,790,585,173,132,-1,-1
518,2329,1021,467,31,25,-1,-1
518,2330,1080,484,28,23,-1,-1
518,2331,945,498,36,32,-1,-1
518,2333,1183,584,39,31,-1,-1
519,2284,19,310,94,64,-1,-1
519,2180,820,586,162,125,-1,-1
519,2329,1021,467,31,25,-1,-1
519,2330,1081,484,28,23,-1,-1
519,2331,942,498,37,32,-1,-1
519,2333,1183,584,40,31,-1,-1
520,2284,19,310,94,64,-1,-1
520,2180,846,587,154,118,-1,-1
520,2329,1021,467,31,25,-1,-1
520,2330,1081,484,28,23,-1,-1
520,2331,940,499,38,33,-1,-1
520,2332,1059,469,26,21,-1,-1
520,2333,1183,584,40,32,-1,-1
521,2284,19,310,94,64,-1,-1
521,2180,869,588,147,112,-1,-1
521,2329,1021,467,31,25,-1,-1
521,2330,1081,484,28,23,-1,-1
521,2331,938,499,39,33,-1,-1
521,2332,1059,469,25,21,-1,-1
521,2333,1183,584,41,32,-1,-1
522,2284,19,310,94,64,-1,-1
522,2180,890,589,139,105,-1,-1
522,2329,1021,467,31,25,-1,-1
522,2330,1081,484,28,23,-1,-1
522,2331,936,499,39,34,-1,-1
522,2332,1059,469,25,21,-1,-1
522,2333,1183,584,42,33,-1,-1
523,2284,19,310,94,64,-1,-1
523,2180,909,590,130,98,-1,-1
523,2329,1021,467,31,25,-1,-1
523,2330,1081,484,27,23,-1,-1
523,2331,933,499,40,34,-1,-1
523,2332,1058,469,25,21,-1,-1
523,2333,1183,584,43,33,-1,-1
523,2334,1007,472,31,25,-1,-1
524,2284,19,310,94,64,-1,-1
524,2180,927,591,120,92,-1,-1
524,2329,1021,467,31,25,-1,-1
524,2330,1081,484,27,23,-1,-1
524,2331,931,499,41,35,-1,-1
524,2332,1058,470,25,21,-1,-1
524,2333,1183,584,43,34,-1,-1
524,2334,1007,472,31,25,-1,-1
525,2284,19,310,94,64,-1,-1
525,2180,943,592,110,85,-1,-1
525,2329,1021,467,31,25,-1,-1
525,2330,1081,484,27,23,-1,-1
525,2331,929,499,42,36,-1,-1
525,2332,1058,470,25,21,-1,-1
525,2333,1183,584,44,34,-1,-1
525,2334,1006,472,31,25,-1,-1
526,2284,19,310,94,64,-1,-1
526,2180,956,593,103,78,-1,-1
526,2329,1021,467,31,25,-1,-1
526,2330,1081,484,27,23,-1,-1
526,2331,926,500,42,36,-1,-1
526,2332,1058,470,25,20,-1,-1
526,2333,1183,584,45,35,-1,-1
526,2334,1006,472,31,25,-1,-1
527,2284,19,310,94,64,-1,-1
527,2180,968,594,98,72,-1,-1
527,2329,1021,467,31,25,-1,-1
527,2330,1081,484,27,23,-1,-1
527,2331,923,500,43,37,-1,-1
527,2332,1057,470,25,20,-1,-1
527,2333,1183,584,46,35,-1,-1
527,2334,1005,472,32,25,-1,-1
528,2284,19,310,94,64,-1,-1
528,2180,977,596,94,65,-1,-1
528,2329,1021,467,31,25,-1,-1
528,2330,1081,484,27,23,-1,-1
528,2331,921,500,44,38,-1,-1
528,2332,1057,470,25,20,-1,-1
528,2333,1183,584,46,36,-1,-1
528,2334,1005,472,31,24,-1,-1
529,2284,19,310,94,64,-1,-1
529,2180,985,597,92,58,-1,-1
529,2329,1021,467,31,25,-1,-1
529,2330,1081,484,27,23,-1,-1
529,2331,918,500,45,38,-1,-1
529,2332,1057,470,25,20,-1,-1
529,2333,1183,584,47,36,-1,-1
529,2334,1005,472,31,24,-1,-1
530,2284,19,310,94,64,-1,-1
530,2180,994,598,90,52,-1,-1
530,2329,1021,467,31,25,-1,-1
530,2330,1081,484,26,23,-1,-1
530,2331,914,500,46,39,-1,-1
530,2332,1057,470,25,20,-1,-1
530,2333,1183,584,48,37,-1,-1
530,2334,1005,472,31,24,-1,-1
531,2284,19,310,94,64,-1,-1
531,2329,1021,467,31,25,-1,-1
531,2330,1081,484,26,23,-1,-1
531,2331,911,500,47,40,-1,-1
531,2332,1056,470,25,20,-1,-1
531,2333,1184,584,49,37,-1,-1
531,2334,1004,472,31,24,-1,-1
532,2284,19,310,94,64,-1,-1
532,2329,1021,467,31,25,-1,-1
532,2330,1081,484,26,23,-1,-1
532,2331,908,500,48,40,-1,-1
532,2332,1056,470,25,20,-1,-1
532,2333,1184,584,49,38,-1,-1
532,2334,1004,473,31,24,-1,-1
533,2284,19,310,94,64,-1,-1
533,2329,1021,467,31,25,-1,-1
533,2330,1081,484,26,23,-1,-1
533,2331,904,500,49,41,-1,-1
533,2332,1056,470,25,20,-1,-1
533,2333,1184,584,50,38,-1,-1
533,2334,1004,473,31,24,-1,-1
534,2284,19,310,94,64,-1,-1
534,2329,1021,467,31,25,-1,-1
534,2330,1082,484,26,22,-1,-1
534,2331,900,501,50,42,-1,-1
534,2332,1056,470,25,20,-1,-1
534,2333,1184,584,51,39,-1,-1
534,2334,1004,473,31,23,-1,-1
535,2284,19,310,94,64,-1,-1
535,2329,1021,467,31,25,-1,-1
535,2330,1082,484,26,22,-1,-1
535,2331,896,501,52,42,-1,-1
535,2332,1055,470,25,20,-1,-1
535,2333,1184,585,52,39,-1,-1
535,2334,1004,474,31,23,-1,-1
536,2284,19,310,94,64,-1,-1
536,2329,1021,467,31,25,-1,-1
536,2330,1082,484,26,22,-1,-1
536,2331,892,501,53,43,-1,-1
536,2332,1055,470,25,19,-1,-1
536,2333,1184,585,52,40,-1,-1
536,2334,1004,474,31,23,-1,-1
537,2284,19,310,94,64,-1,-1
537,2329,1021,467,31,25,-1,-1
537,2330,1082,484,26,22,-1,-1
537,2331,888,501,54,44,-1,-1
537,2332,1055,471,25,19,-1,-1
537,2333,1184,585,53,40,-1,-1
537,2334,1003,474,31,23,-1,-1
538,2284,19,310,94,64,-1,-1
538,2329,1021,467,31,25,-1,-1
538,2331,884,501,56,45,-1,-1
538,2332,1055,471,25,19,-1,-1
538,2333,1184,585,54,41,-1,-1
538,2334,1003,475,31,23,-1,-1
539,2284,19,310,94,64,-1,-1
539,2329,1021,467,31,25,-1,-1
539,2331,879,502,57,45,-1,-1
539,2332,1054,471,25,19,-1,-1
539,2334,1003,475,31,23,-1,-1
540,2284,19,310,94,64,-1,-1
540,2329,1021,467,31,25,-1,-1
540,2331,874,502,59,46,-1,-1
540,2334,1003,476,31,23,-1,-1
541,2284,19,310,94,64,-1,-1
541,2329,1021,467,31,25,-1,-1
541,2331,869,502,61,47,-1,-1
541,2334,1002,476,31,23,-1,-1
541,2335,929,715,208,150,-1,-1
542,2284,19,310,94,64,-1,-1
542,2329,1021,467,31,26,-1,-1
542,2331,864,502,63,48,-1,-1
542,2334,1002,477,31,23,-1,-1
542,2335,952,710,194,143,-1,-1
543,2284,19,310,94,64,-1,-1
543,2329,1021,467,31,26,-1,-1
543,2331,859,502,65,49,-1,-1
543,2334,1002,477,32,23,-1,-1
543,2335,975,706,180,137,-1,-1
544,2284,19,310,94,64,-1,-1
544,2329,1021,467,31,26,-1,-1
544,2331,854,502,67,50,-1,-1
544,2334,1001,478,32,23,-1,-1
544,2335,996,701,167,130,-1,-1
545,2284,19,310,94,64,-1,-1
545,2329,1021,467,31,26,-1,-1
545,2331,848,502,69,51,-1,-1
545,2334,1001,478,32,23,-1,-1
545,2335,1016,696,155,123,-1,-1
546,2284,19,310,94,64,-1,-1
546,2329,1021,467,31,26,-1,-1
546,2331,842,502,71,52,-1,-1
546,2334,1000,478,32,23,-1,-1
546,2335,1034,692,144,117,-1,-1
547,2284,19,310,94,64,-1,-1
547,2329,1021,467,31,26,-1,-1
547,2331,836,502,73,54,-1,-1
547,2334,999,479,33,24,-1,-1
547,2335,1050,687,134,112,-1,-1
548,2284,19,310,94,64,-1,-1
548,2329,1021,467,31,26,-1,-1
548,2331,830,501,75,55,-1,-1
548,2334,999,479,33,24,-1,-1
548,2335,1064,682,125,107,-1,-1
549,2284,19,310,94,64,-1,-1
549,2329,1021,467,31,26,-1,-1
549,2331,824,501,77,56,-1,-1
549,2334,998,480,33,24,-1,-1
549,2335,1077,677,117,102,-1,-1
550,2284,19,310,94,64,-1,-1
550,2329,1021,467,31,26,-1,-1
550,2331,817,501,79,57,-1,-1
550,2334,998,480,34,24,-1,-1
550,2335,1087,672,110,98,-1,-1
551,2284,19,310,94,64,-1,-1
551,2329,1021,467,31,26,-1,-1
551,2331,810,501,82,59,-1,-1
551,2334,997,480,34,25,-1,-1
551,2335,1096,668,104,94,-1,-1
552,2284,19,310,94,64,-1,-1
552,2329,1021,467,31,26,-1,-1
552,2331,803,500,84,60,-1,-1
552,2334,996,481,35,25,-1,-1
552,2335,1104,663,98,91,-1,-1
553,2284,19,310,94,64,-1,-1
553,2329,1021,467,31,26,-1,-1
553,2331,795,500,87,61,-1,-1
553,2334,996,481,35,25,-1,-1
553,2335,1110,658,93,88,-1,-1
553,2336,178,306,123,59,-1,-1
554,2284,19,310,94,64,-1,-1
554,2329,1020,467,31,26,-1,-1
554,2331,786,500,90,63,-1,-1
554,2334,995,481,36,26,-1,-1
554,2335,1115,654,89,86,-1,-1
554,2336,179,306,123,59,-1,-1
555,2284,19,310,94,64,-1,-1
555,2329,1020,467,31,26,-1,-1
555,2331,776,499,93,64,-1,-1
555,2334,994,481,36,26,-1,-1
555,2335,1119,650,85,83,-1,-1
555,2336,179,306,123,59,-1,-1
556,2284,19,310,94,64,-1,-1
556,2329,1020,467,31,26,-1,-1
556,2331,766,499,97,65,-1,-1
556,2334,994,481,37,27,-1,-1
556,2335,1122,646,81,81,-1,-1
556,2336,179,306,123,59,-1,-1
557,2284,19,310,94,64,-1,-1
557,2329,1020,467,31,26,-1,-1
557,2331,755,498,101,67,-1,-1
557,2334,993,481,37,27,-1,-1
557,2335,1125,642,78,79,-1,-1
557,2336,179,306,123,59,-1,-1
558,2284,19,310,94,64,-1,-1
558,2329,1020,467,31,26,-1,-1
558,2331,743,497,105,68,-1,-1
558,2334,993,481,38,27,-1,-1
558,2335,1127,638,74,77,-1,-1
558,2336,179,306,123,59,-1,-1
559,2284,19,310,94,64,-1,-1
559,2329,1020,467,31,26,-1,-1
559,2331,730,496,110,69,-1,-1
559,2334,992,480,38,28,-1,-1
559,2335,1128,635,71,74,-1,-1
559,2336,180,306,122,59,-1,-1
560,2284,19,310,94,64,-1,-1
560,2329,1020,467,31,26,-1,-1
560,2331,717,495,115,71,-1,-1
560,2334,992,480,39,28,-1,-1
560,2335,1130,632,68,72,-1,-1
560,2336,180,306,122,59,-1,-1
561,2284,19,310,94,64,-1,-1
561,2329,1020,467,31,26,-1,-1
561,2331,702,494,121,72,-1,-1
561,2334,992,480,39,28,-1,-1
561,2335,1131,628,66,70,-1,-1
561,2336,180,306,122,59,-1,-1
562,2284,19,310,94,64,-1,-1
562,2329,1020,467,31,26,-1,-1
562,2331,686,493,126,73,-1,-1
562,2334,991,479,40,29,-1,-1
562,2335,1131,625,63,68,-1,-1
562,2336,180,306,122,59,-1,-1
563,2284,19,310,94,64,-1,-1
563,2329,1020,467,31,26,-1,-1
563,2331,670,491,132,75,-1,-1
563,2334,991,479,40,29,-1,-1
563,2335,1131,622,61,66,-1,-1
563,2336,181,307,122,58,-1,-1
564,2284,19,310,94,64,-1,-1
564,2329,1020,467,31,26,-1,-1
564,2331,652,489,138,76,-1,-1
564,2334,990,478,40,29,-1,-1
564,2335,1130,619,60,63,-1,-1
564,2336,181,307,121,58,-1,-1
565,2284,19,310,94,64,-1,-1
565,2329,1020,467,31,26,-1,-1
565,2331,634,487,144,78,-1,-1
565,2334,989,478,41,29,-1,-1
565,2335,1129,616,59,61,-1,-1
565,2336,181,307,121,58,-1,-1
566,2284,19,310,94,64,-1,-1
566,2329,1020,467,31,26,-1,-1
566,2331,614,485,151,80,-1,-1
566,2334,989,477,41,30,-1,-1
566,2335,1128,614,59,59,-1,-1
566,2336,181,307,121,58,-1,-1
567,2284,19,310,94,64,-1,-1
567,2329,1020,467,30,26,-1,-1
567,2331,593,482,157,81,-1,-1
567,2334,988,476,41,30,-1,-1
567,2335,1127,611,58,57,-1,-1
567,2336,181,307,121,58,-1,-1
568,2284,19,310,94,64,-1,-1
568,2329,1020,467,30,26,-1,-1
568,2331,571,478,164,83,-1,-1
568,2334,987,475,42,30,-1,-1
568,2335,1126,608,58,55,-1,-1
568,2336,182,307,121,58,-1,-1
569,2284,19,310,94,64,-1,-1
569,2329,1020,467,30,26,-1,-1
569,2331,547,475,171,86,-1,-1
569,2334,986,474,42,30,-1,-1
569,2335,1125,606,58,54,-1,-1
569,2336,182,307,120,58,-1,-1
570,2284,19,310,94,64,-1,-1
570,2329,1020,467,30,26,-1,-1
570,2331,521,471,178,88,-1,-1
570,2334,985,473,42,30,-1,-1
570,2335,1124,604,57,52,-1,-1
570,2336,182,307,120,58,-1,-1
571,2284,19,310,94,64,-1,-1
571,2329,1020,467,30,26,-1,-1
571,2331,493,466,187,91,-1,-1
571,2334,984,472,43,30,-1,-1
571,2335,1123,601,57,50,-1,-1
571,2336,182,307,120,58,-1,-1
572,2284,19,310,94,64,-1,-1
572,2329,1020,467,30,26,-1,-1
572,2331,462,461,196,94,-1,-1
572,2334,982,471,43,30,-1,-1
572,2335,1123,599,56,49,-1,-1
572,2336,183,307,120,58,-1,-1
573,2284,19,310,94,64,-1,-1
573,2329,1020,467,30,26,-1,-1
573,2331,428,455,207,98,-1,-1
573,2334,981,470,43,31,-1,-1
573,2335,1122,597,54,47,-1,-1
573,2336,183,307,120,58,-1,-1
574,2284,19,310,94,64,-1,-1
574,2329,1020,467,30,26,-1,-1
574,2331,390,449,219,102,-1,-1
574,2334,980,469,44,31,-1,-1
574,2335,1122,594,52,46,-1,-1
574,2336,183,307,119,57,-1,-1
575,2284,19,310,94,64,-1,-1
575,2329,1020,467,30,26,-1,-1
575,2331,349,442,234,106,-1,-1
575,2334,978,468,44,31,-1,-1
575,2335,1122,592,50,45,-1,-1
575,2336,183,307,119,57,-1,-1
576,2284,19,310,94,64,-1,-1
576,2329,1020,467,30,26,-1,-1
576,2331,303,435,250,111,-1,-1
576,2334,977,467,44,31,-1,-1
576,2335,1122,590,48,44,-1,-1
576,2336,184,307,119,57,-1,-1
577,2284,19,310,94,64,-1,-1
577,2329,1020,467,30,26,-1,-1
577,2331,254,428,270,115,-1,-1
577,2334,975,466,44,31,-1,-1
577,2335,1123,588,45,43,-1,-1
577,2336,184,308,119,57,-1,-1
578,2284,19,310,94,64,-1,-1
578,2329,1020,467,30,26,-1,-1
578,2331,200,421,292,120,-1,-1
578,2334,974,465,44,31,-1,-1
578,2335,1123,585,42,42,-1,-1
578,2336,184,308,119,57,-1,-1
579,2284,19,310,94,64,-1,-1
579,2329,1020,467,30,26,-1,-1
579,2331,142,413,316,126,-1,-1
579,2334,973,464,44,31,-1,-1
579,2335,1124,582,40,41,-1,-1
579,2336,184,308,119,57,-1,-1
579,2337,1181,582,30,28,-1,-1
579,2339,998,467,39,26,-1,-1
580,2284,19,310,94,64,-1,-1
580,2329,1020,467,30,26,-1,-1
580,2331,79,405,343,131,-1,-1
580,2334,972,463,45,31,-1,-1
580,2335,1125,580,37,40,-1,-1
580,2336,184,308,118,57,-1,-1
580,2337,1181,582,31,29,-1,-1
580,2339,997,467,39,26,-1,-1
581,2284,19,310,94,64,-1,-1
581,2329,1020,467,30,26,-1,-1
581,2331,14,397,373,137,-1,-1
581,2334,971,462,45,32,-1,-1
581,2336,185,308,118,57,-1,-1
581,2337,1181,582,31,29,-1,-1
581,2339,997,467,39,26,-1,-1
582,2284,19,310,94,64,-1,-1
582,2329,1020,467,30,26,-1,-1
582,2334,970,462,45,32,-1,-1
582,2336,185,308,118,57,-1,-1
582,2337,1181,582,32,29,-1,-1
582,2339,997,468,38,26,-1,-1
583,2284,19,310,94,64,-1,-1
583,2329,1020,467,30,26,-1,-1
583,2334,969,461,45,32,-1,-1
583,2336,185,308,118,57,-1,-1
583,2337,1181,582,33,30,-1,-1
583,2339,997,468,38,26,-1,-1
584,2284,19,310,94,64,-1,-1
584,2329,1020,467,30,27,-1,-1
584,2334,969,460,45,32,-1,-1
584,2336,185,308,118,57,-1,-1
584,2337,1181,582,34,30,-1,-1
584,2339,997,469,38,27,-1,-1
585,2284,19,310,94,64,-1,-1
585,2329,1020,467,30,27,-1,-1
585,2334,968,460,45,32,-1,-1
585,2336,186,308,117,56,-1,-1
585,2337,1181,582,36,31,-1,-1
585,2339,997,469,38,27,-1,-1
586,2284,19,310,94,64,-1,-1
586,2329,1020,467,30,27,-1,-1
586,2336,186,308,117,56,-1,-1
586,2337,1181,582,38,32,-1,-1
586,2339,997,470,38,27,-1,-1
587,2284,19,310,94,64,-1,-1
587,2329,1020,467,30,27,-1,-1
587,2336,186,308,117,56,-1,-1
587,2337,1181,582,40,33,-1,-1
587,2339,997,470,38,27,-1,-1
588,2284,19,310,94,64,-1,-1
588,2329,1020,467,30,27,-1,-1
588,2336,186,308,117,56,-1,-1
588,2337,1181,582,42,34,-1,-1
588,2339,996,470,38,27,-1,-1
589,2284,19,310,94,64,-1,-1
589,2329,1020,467,30,27,-1,-1
589,2336,186,308,117,56,-1,-1
589,2337,1181,582,44,35,-1,-1
589,2339,996,471,38,27,-1,-1
590,2284,19,310,94,64,-1,-1
590,2329,1020,467,30,27,-1,-1
590,2336,187,308,116,56,-1,-1
590,2337,1181,582,46,36,-1,-1
590,2339,996,471,38,27,-1,-1
591,2284,19,310,94,64,-1,-1
591,2329,1020,467,30,27,-1,-1
591,2336,187,308,116,56,-1,-1
591,2337,1181,582,49,37,-1,-1
591,2339,996,472,37,27,-1,-1
592,2284,19,310,94,64,-1,-1
592,2336,187,309,116,56,-1,-1
592,2337,1181,582,51,38,-1,-1
592,2339,996,472,37,27,-1,-1
593,2284,19,310,94,64,-1,-1
593,2336,187,309,116,56,-1,-1
593,2337,1181,582,52,38,-1,-1
593,2339,996,473,37,27,-1,-1
594,2284,19,310,94,64,-1,-1
594,2336,188,309,116,56,-1,-1
594,2337,1181,583,54,39,-1,-1
594,2339,996,473,37,27,-1,-1
595,2284,19,310,94,64,-1,-1
595,2336,188,309,115,56,-1,-1
595,2337,1181,583,55,40,-1,-1
595,2339,996,473,37,27,-1,-1
596,2284,19,310,94,64,-1,-1
596,2336,188,309,115,55,-1,-1
596,2337,1181,583,56,40,-1,-1
596,2339,995,474,37,27,-1,-1
597,2284,19,310,94,64,-1,-1
597,2336,188,309,115,55,-1,-1
597,2337,1181,583,57,41,-1,-1
597,2339,995,474,37,27,-1,-1
598,2284,19,310,94,64,-1,-1
598,2336,188,309,115,55,-1,-1
598,2337,1181,583,57,41,-1,-1
598,2338,934,506,44,29,-1,-1
598,2339,995,475,37,27,-1,-1
599,2284,19,310,94,64,-1,-1
599,2336,189,309,115,55,-1,-1
599,2337,1181,583,57,41,-1,-1
599,2338,931,506,45,30,-1,-1
599,2339,995,475,37,27,-1,-1
600,2284,19,310,94,64,-1,-1
600,2336,189,309,115,55,-1,-1
600,2337,1181,583,58,41,-1,-1
600,2338,927,506,46,32,-1,-1
600,2339,995,476,36,28,-1,-1
601,2284,19,310,94,64,-1,-1
601,2336,189,309,114,55,-1,-1
601,2337,1181,583,58,42,-1,-1
601,2338,924,506,47,33,-1,-1
601,2339,995,476,36,28,-1,-1
602,2284,19,310,94,64,-1,-1
602,2336,189,309,114,55,-1,-1
602,2337,1181,583,58,42,-1,-1
602,2338,921,506,47,34,-1,-1
602,2339,995,476,36,28,-1,-1
603,2284,19,310,94,64,-1,-1
603,2336,190,309,114,55,-1,-1
603,2337,1181,583,58,42,-1,-1
603,2338,918,506,47,35,-1,-1
603,2339,995,477,36,28,-1,-1
604,2284,19,310,94,64,-1,-1
604,2336,190,309,114,55,-1,-1
604,2337,1180,583,58,42,-1,-1
604,2338,915,506,48,36,-1,-1
604,2339,994,477,36,28,-1,-1
605,2284,19,310,94,64,-1,-1
605,2336,190,309,114,55,-1,-1
605,2337,1180,583,58,42,-1,-1
605,2338,912,507,48,38,-1,-1
605,2339,994,478,36,28,-1,-1
606,2284,19,310,94,64,-1,-1
606,2336,190,310,113,55,-1,-1
606,2337,1180,583,58,42,-1,-1
606,2338,909,507,49,39,-1,-1
606,2339,994,478,36,28,-1,-1
607,2284,19,310,94,64,-1,-1
607,2336,190,310,113,54,-1,-1
607,2337,1180,583,58,42,-1,-1
607,2338,906,507,49,40,-1,-1
607,2339,994,479,36,28,-1,-1
608,2284,19,310,94,64,-1,-1
608,2336,191,310,113,54,-1,-1
608,2337,1180,583,58,42,-1,-1
608,2338,903,507,50,41,-1,-1
608,2339,994,479,36,28,-1,-1
609,2284,19,310,94,64,-1,-1
609,2336,191,310,113,54,-1,-1
609,2337,1180,583,58,42,-1,-1
609,2338,899,507,51,42,-1,-1
609,2339,994,480,35,28,-1,-1
610,2284,19,310,94,64,-1,-1
610,2336,191,310,113,54,-1,-1
610,2337,1180,583,58,42,-1,-1
610,2338,896,507,52,44,-1,-1
610,2339,994,480,35,28,-1,-1
611,2284,19,310,94,64,-1,-1
611,2336,191,310,112,54,-1,-1
611,2337,1180,583,58,42,-1,-1
611,2338,892,507,53,45,-1,-1
611,2339,993,480,35,28,-1,-1
612,2284,19,310,94,64,-1,-1
612,2336,192,310,112,54,-1,-1
612,2337,1180,583,58,42,-1,-1
612,2338,888,508,54,46,-1,-1
612,2339,993,481,35,28,-1,-1
613,2284,19,310,94,64,-1,-1
613,2336,192,310,112,54,-1,-1
613,2337,1180,584,58,42,-1,-1
613,2338,884,508,56,47,-1,-1
613,2339,993,481,35,28,-1,-1
614,2284,19,310,94,64,-1,-1
614,2336,192,310,112,54,-1,-1
614,2337,1180,584,58,42,-1,-1
614,2338,879,508,58,48,-1,-1
614,2339,993,482,35,28,-1,-1
615,2284,19,310,94,64,-1,-1
615,2336,192,310,112,54,-1,-1
615,2337,1180,584,58,42,-1,-1
615,2338,874,508,60,50,-1,-1
615,2339,993,482,35,29,-1,-1
616,2284,19,310,94,64,-1,-1
616,2336,193,310,111,54,-1,-1
616,2337,1180,584,58,42,-1,-1
616,2338,869,508,63,51,-1,-1
616,2339,993,483,35,29,-1,-1
617,2284,19,310,94,64,-1,-1
617,2336,193,310,111,54,-1,-1
617,2337,1180,584,58,42,-1,-1
617,2338,864,508,65,52,-1,-1
617,2339,993,483,34,29,-1,-1
618,2284,19,310,94,64,-1,-1
618,2336,193,310,111,53,-1,-1
618,2337,1180,584,58,42,-1,-1
618,2338,858,508,68,53,-1,-1
619,2284,19,310,94,64,-1,-1
619,2336,193,310,111,53,-1,-1
619,2337,1180,584,58,42,-1,-1
619,2338,853,508,72,54,-1,-1
620,2284,19,310,94,64,-1,-1
620,2336,193,311,111,53,-1,-1
620,2337,1180,584,58,42,-1,-1
620,2338,847,509,75,55,-1,-1
621,2284,19,310,94,64,-1,-1
621,2336,194,311,110,53,-1,-1
621,2337,1180,584,59,42,-1,-1
621,2338,841,509,78,57,-1,-1
622,2284,19,310,94,64,-1,-1
622,2336,194,311,110,53,-1,-1
622,2337,1180,584,59,43,-1,-1
622,2338,835,509,81,58,-1,-1
623,2284,19,310,94,64,-1,-1
623,2336,194,311,110,53,-1,-1
623,2337,1180,584,59,43,-1,-1
623,2338,829,509,84,59,-1,-1
624,2284,19,310,94,64,-1,-1
624,2336,194,311,110,53,-1,-1
624,2337,1180,584,60,43,-1,-1
624,2338,824,509,87,60,-1,-1
625,2284,19,310,94,64,-1,-1
625,2336,195,311,110,53,-1,-1
625,2337,1180,584,61,44,-1,-1
625,2338,819,509,90,61,-1,-1
