1,1821,1693,238,111,107,-1,-1
1,1813,1357,107,303,163,-1,-1
1,1824,1458,325,251,177,-1,-1
1,1825,1564,243,136,111,-1,-1
1,1830,1744,114,96,48,-1,-1
2,1821,1693,238,111,107,-1,-1
2,1813,1341,107,300,162,-1,-1
2,1824,1457,325,251,176,-1,-1
2,1825,1564,243,136,111,-1,-1
2,1830,1744,114,96,48,-1,-1
3,1821,1693,238,111,107,-1,-1
3,1813,1324,107,298,161,-1,-1
3,1824,1457,325,251,176,-1,-1
3,1825,1563,243,137,111,-1,-1
3,1830,1744,114,96,48,-1,-1
4,1821,1693,238,111,107,-1,-1
4,1813,1307,107,296,160,-1,-1
4,1824,1457,325,251,176,-1,-1
4,1825,1562,244,137,111,-1,-1
4,1830,1744,114,96,48,-1,-1
5,1821,1693,238,111,107,-1,-1
5,1813,1289,107,295,158,-1,-1
5,1824,1457,325,251,175,-1,-1
5,1825,1562,244,138,110,-1,-1
5,1830,1744,114,96,48,-1,-1
6,1821,1693,238,111,107,-1,-1
6,1813,1270,107,295,157,-1,-1
6,1824,1457,325,251,175,-1,-1
6,1825,1561,244,139,110,-1,-1
6,1830,1744,114,96,48,-1,-1
7,1821,1693,238,111,107,-1,-1
7,1813,1251,107,295,156,-1,-1
7,1824,1457,325,251,175,-1,-1
7,1825,1561,244,139,110,-1,-1
7,1830,1744,114,96,48,-1,-1
8,1821,1693,238,111,107,-1,-1
8,1813,1232,107,296,155,-1,-1
8,1824,1457,325,251,175,-1,-1
8,1825,1561,244,139,110,-1,-1
8,1830,1744,114,96,48,-1,-1
9,1821,1693,238,111,107,-1,-1
9,1813,1213,106,296,153,-1,-1
9,1824,1457,325,251,175,-1,-1
9,1825,1561,244,139,110,-1,-1
9,1830,1744,114,96,48,-1,-1
10,1821,1693,238,111,107,-1,-1
10,1813,1193,106,298,152,-1,-1
10,1824,1457,325,251,175,-1,-1
10,1825,1561,244,138,110,-1,-1
10,1830,1744,114,96,48,-1,-1
11,1821,1693,238,111,107,-1,-1
11,1813,1172,106,299,151,-1,-1
11,1824,1457,325,251,175,-1,-1
11,1825,1562,244,138,110,-1,-1
11,1830,1744,114,96,48,-1,-1
12,1821,1693,238,111,107,-1,-1
12,1813,1151,106,301,150,-1,-1
12,1824,1457,325,252,175,-1,-1
12,1825,1563,244,137,110,-1,-1
12,1830,1744,114,96,48,-1,-1
13,1821,1693,238,111,107,-1,-1
13,1813,1130,106,303,149,-1,-1
13,1824,1457,325,252,175,-1,-1
13,1825,1564,244,136,110,-1,-1
13,1830,1744,114,96,48,-1,-1
14,1821,1693,238,111,107,-1,-1
14,1813,1109,106,305,147,-1,-1
14,1824,1456,325,252,174,-1,-1
14,1825,1565,244,135,110,-1,-1
14,1830,1744,114,96,48,-1,-1
15,1821,1693,238,111,107,-1,-1
15,1813,1087,106,307,146,-1,-1
15,1824,1456,325,252,174,-1,-1
15,1825,1565,244,135,110,-1,-1
15,1830,1744,114,96,48,-1,-1
16,1821,1693,238,111,107,-1,-1
16,1813,1066,106,308,145,-1,-1
16,1824,1456,325,253,175,-1,-1
16,1825,1566,244,134,110,-1,-1
16,1830,1744,114,96,48,-1,-1
17,1821,1693,238,111,107,-1,-1
17,1813,1043,106,310,144,-1,-1
17,1824,1456,325,253,175,-1,-1
17,1825,1566,244,134,110,-1,-1
17,1830,1744,114,96,48,-1,-1
18,1821,1693,238,111,107,-1,-1
18,1813,1021,106,312,142,-1,-1
18,1824,1456,325,253,175,-1,-1
18,1825,1566,244,134,110,-1,-1
18,1830,1744,114,96,48,-1,-1
19,1821,1693,239,111,107,-1,-1
19,1813,998,106,313,141,-1,-1
19,1824,1456,325,253,175,-1,-1
19,1825,1566,245,134,110,-1,-1
19,1830,1744,114,96,48,-1,-1
20,1821,1693,239,111,107,-1,-1
20,1813,974,106,315,140,-1,-1
20,1824,1455,325,253,175,-1,-1
20,1825,1566,245,134,109,-1,-1
20,1830,1744,114,96,48,-1,-1
21,1821,1693,239,111,107,-1,-1
21,1813,950,106,317,139,-1,-1
21,1824,1455,325,253,175,-1,-1
21,1825,1566,245,134,109,-1,-1
21,1830,1744,114,96,48,-1,-1
22,1821,1693,239,111,107,-1,-1
22,1813,926,106,319,137,-1,-1
22,1824,1455,325,253,176,-1,-1
22,1825,1566,245,134,109,-1,-1
22,1830,1744,114,96,48,-1,-1
23,1821,1693,239,111,107,-1,-1
23,1813,902,106,320,136,-1,-1
23,1824,1455,325,253,176,-1,-1
23,1825,1565,245,134,109,-1,-1
23,1830,1744,114,96,48,-1,-1
24,1821,1693,239,111,107,-1,-1
24,1813,879,105,320,135,-1,-1
24,1824,1456,325,253,176,-1,-1
24,1825,1565,245,135,109,-1,-1
24,1830,1744,114,96,48,-1,-1
25,1821,1693,239,111,107,-1,-1
25,1813,857,105,318,134,-1,-1
25,1824,1456,325,252,176,-1,-1
25,1825,1565,245,135,109,-1,-1
25,1830,1744,114,96,48,-1,-1
26,1821,1693,239,111,107,-1,-1
26,1813,837,105,315,133,-1,-1
26,1824,1457,325,252,176,-1,-1
26,1825,1564,245,135,109,-1,-1
26,1830,1744,114,96,48,-1,-1
27,1821,1693,239,111,107,-1,-1
27,1813,819,105,309,131,-1,-1
27,1824,1458,325,250,176,-1,-1
27,1825,1564,245,135,109,-1,-1
27,1830,1744,114,96,48,-1,-1
28,1821,1693,239,111,107,-1,-1
28,1813,805,105,300,130,-1,-1
28,1824,1460,325,249,175,-1,-1
28,1825,1565,245,135,109,-1,-1
28,1830,1744,114,96,48,-1,-1
29,1821,1693,239,111,107,-1,-1
29,1813,794,105,288,129,-1,-1
29,1824,1462,325,246,174,-1,-1
29,1825,1565,245,135,109,-1,-1
29,1830,1744,114,96,48,-1,-1
30,1821,1693,239,112,107,-1,-1
30,1813,786,105,271,128,-1,-1
30,1823,1463,372,434,329,-1,-1
30,1824,1465,325,243,173,-1,-1
30,1825,1565,245,135,109,-1,-1
30,1830,1744,114,96,48,-1,-1
31,1821,1693,239,112,107,-1,-1
31,1813,782,105,252,126,-1,-1
31,1823,1435,368,417,318,-1,-1
31,1824,1469,325,240,172,-1,-1
31,1825,1565,245,134,109,-1,-1
31,1830,1744,114,96,48,-1,-1
32,1821,1693,239,112,107,-1,-1
32,1813,782,105,229,125,-1,-1
32,1823,1406,365,400,307,-1,-1
32,1824,1472,325,236,171,-1,-1
32,1825,1565,245,134,109,-1,-1
32,1830,1744,114,96,48,-1,-1
33,1821,1693,239,112,107,-1,-1
33,1813,784,105,203,124,-1,-1
33,1823,1378,362,385,297,-1,-1
33,1824,1476,325,233,170,-1,-1
33,1825,1565,245,134,109,-1,-1
33,1830,1744,114,96,48,-1,-1
34,1821,1693,239,112,107,-1,-1
34,1813,788,105,176,123,-1,-1
34,1823,1351,358,371,286,-1,-1
34,1824,1479,325,230,170,-1,-1
34,1825,1565,245,134,109,-1,-1
34,1830,1744,114,96,48,-1,-1
35,1821,1693,239,112,107,-1,-1
35,1813,793,105,148,122,-1,-1
35,1823,1323,355,358,276,-1,-1
35,1824,1481,325,228,170,-1,-1
35,1825,1565,245,134,109,-1,-1
35,1830,1744,114,96,48,-1,-1
36,1821,1693,239,112,107,-1,-1
36,1813,799,105,120,120,-1,-1
36,1823,1296,352,345,266,-1,-1
36,1824,1481,325,228,170,-1,-1
36,1825,1566,245,133,109,-1,-1
36,1830,1744,114,96,48,-1,-1
37,1821,1693,239,112,107,-1,-1
37,1823,1270,348,334,257,-1,-1
37,1824,1479,325,229,171,-1,-1
37,1825,1567,245,133,109,-1,-1
37,1830,1744,114,96,48,-1,-1
38,1821,1693,239,112,107,-1,-1
38,1823,1245,345,324,249,-1,-1
38,1824,1477,325,232,172,-1,-1
38,1825,1568,245,132,109,-1,-1
38,1830,1744,114,96,48,-1,-1
39,1821,1693,239,112,107,-1,-1
39,1823,1221,341,314,241,-1,-1
39,1824,1473,325,235,173,-1,-1
39,1825,1568,245,132,109,-1,-1
39,1830,1744,114,96,48,-1,-1
40,1821,1693,239,112,107,-1,-1
40,1823,1199,337,305,234,-1,-1
40,1824,1470,325,239,174,-1,-1
40,1825,1568,245,132,109,-1,-1
40,1830,1744,114,96,48,-1,-1
41,1821,1693,239,112,107,-1,-1
41,1823,1177,332,296,227,-1,-1
41,1824,1466,325,243,175,-1,-1
41,1825,1568,246,132,109,-1,-1
41,1830,1744,114,96,48,-1,-1
42,1821,1693,239,112,107,-1,-1
42,1823,1157,328,288,221,-1,-1
42,1824,1463,325,246,175,-1,-1
42,1825,1567,246,133,109,-1,-1
42,1830,1744,114,96,48,-1,-1
43,1821,1693,239,112,107,-1,-1
43,1823,1139,323,279,216,-1,-1
43,1824,1460,325,248,176,-1,-1
43,1825,1566,246,133,109,-1,-1
43,1830,1744,114,96,48,-1,-1
44,1821,1693,239,112,107,-1,-1
44,1823,1122,319,271,211,-1,-1
44,1824,1458,325,250,176,-1,-1
44,1825,1566,246,134,108,-1,-1
44,1830,1744,114,96,48,-1,-1
45,1821,1693,239,112,107,-1,-1
45,1823,1107,314,263,207,-1,-1
45,1824,1457,325,251,177,-1,-1
45,1825,1566,246,134,108,-1,-1
45,1830,1744,114,96,48,-1,-1
46,1821,1693,239,112,107,-1,-1
46,1823,1094,309,256,203,-1,-1
46,1824,1457,325,252,177,-1,-1
46,1825,1566,246,134,108,-1,-1
46,1830,1744,114,96,48,-1,-1
47,1821,1693,239,112,107,-1,-1
47,1823,1083,305,248,199,-1,-1
47,1824,1457,325,252,177,-1,-1
47,1825,1566,246,134,108,-1,-1
47,1830,1744,114,96,48,-1,-1
48,1821,1693,239,112,107,-1,-1
48,1823,1073,300,241,195,-1,-1
48,1824,1457,325,251,177,-1,-1
48,1825,1566,246,134,108,-1,-1
48,1830,1744,114,96,48,-1,-1
49,1821,1693,239,112,107,-1,-1
49,1823,1066,296,234,191,-1,-1
49,1824,1458,325,251,176,-1,-1
49,1825,1566,246,134,108,-1,-1
49,1830,1744,114,96,48,-1,-1
50,1821,1693,239,112,107,-1,-1
50,1823,1061,292,227,187,-1,-1
50,1824,1458,325,250,176,-1,-1
50,1825,1566,246,133,108,-1,-1
50,1830,1744,114,96,48,-1,-1
51,1821,1693,239,112,107,-1,-1
51,1823,1057,288,220,184,-1,-1
51,1824,1459,325,250,176,-1,-1
51,1825,1566,246,133,108,-1,-1
51,1830,1744,114,96,48,-1,-1
52,1821,1693,239,112,107,-1,-1
52,1823,1055,284,213,180,-1,-1
52,1824,1459,325,250,176,-1,-1
52,1825,1566,246,133,108,-1,-1
52,1830,1744,114,96,48,-1,-1
53,1821,1693,239,112,107,-1,-1
53,1823,1055,281,207,176,-1,-1
53,1824,1459,325,250,176,-1,-1
53,1825,1566,246,133,108,-1,-1
53,1830,1744,114,96,48,-1,-1
54,1821,1693,239,112,107,-1,-1
54,1823,1055,277,201,172,-1,-1
54,1824,1459,325,250,176,-1,-1
54,1825,1566,246,133,108,-1,-1
54,1830,1744,114,96,48,-1,-1
55,1821,1693,239,112,107,-1,-1
55,1823,1057,274,197,169,-1,-1
55,1824,1459,325,250,176,-1,-1
55,1825,1566,246,133,108,-1,-1
55,1830,1744,114,96,48,-1,-1
56,1821,1693,239,112,107,-1,-1
56,1823,1060,271,193,165,-1,-1
56,1824,1458,325,250,176,-1,-1
56,1825,1566,246,133,108,-1,-1
56,1830,1744,114,96,48,-1,-1
57,1821,1693,239,112,107,-1,-1
57,1823,1065,268,191,162,-1,-1
57,1824,1458,325,250,176,-1,-1
57,1825,1566,246,133,108,-1,-1
57,1830,1744,114,96,48,-1,-1
58,1821,1693,239,112,107,-1,-1
58,1823,1070,265,190,159,-1,-1
58,1824,1458,325,251,176,-1,-1
58,1825,1566,246,134,108,-1,-1
58,1830,1744,114,96,48,-1,-1
59,1821,1693,239,112,107,-1,-1
59,1823,1077,262,189,156,-1,-1
59,1824,1457,325,251,176,-1,-1
59,1825,1565,246,135,108,-1,-1
59,1830,1744,114,96,48,-1,-1
60,1821,1693,239,112,107,-1,-1
60,1823,1086,260,189,154,-1,-1
60,1824,1457,325,252,176,-1,-1
60,1825,1564,246,136,109,-1,-1
60,1830,1744,114,96,48,-1,-1
61,1821,1693,239,112,107,-1,-1
61,1823,1096,257,189,151,-1,-1
61,1824,1456,325,252,176,-1,-1
61,1825,1563,246,136,109,-1,-1
61,1830,1744,114,96,48,-1,-1
62,1821,1693,239,112,107,-1,-1
62,1823,1107,254,190,149,-1,-1
62,1824,1456,325,252,176,-1,-1
62,1825,1563,245,136,109,-1,-1
62,1830,1744,114,96,48,-1,-1
63,1821,1693,239,112,107,-1,-1
63,1823,1120,252,191,147,-1,-1
63,1824,1456,325,253,176,-1,-1
63,1825,1563,245,136,109,-1,-1
63,1830,1744,114,96,48,-1,-1
64,1821,1693,239,112,106,-1,-1
64,1823,1134,249,192,146,-1,-1
64,1824,1456,325,253,176,-1,-1
64,1825,1564,245,135,109,-1,-1
64,1830,1744,114,96,48,-1,-1
65,1821,1693,239,112,106,-1,-1
65,1823,1149,247,193,144,-1,-1
65,1824,1456,325,253,176,-1,-1
65,1825,1565,245,134,109,-1,-1
65,1830,1744,114,96,48,-1,-1
66,1821,1693,239,112,106,-1,-1
66,1823,1165,245,194,142,-1,-1
66,1824,1455,325,253,176,-1,-1
66,1825,1566,245,134,109,-1,-1
66,1830,1744,114,96,48,-1,-1
67,1821,1693,239,112,106,-1,-1
67,1823,1181,243,195,140,-1,-1
67,1824,1455,325,253,176,-1,-1
67,1825,1565,245,134,110,-1,-1
67,1830,1744,114,96,48,-1,-1
68,1821,1693,239,112,106,-1,-1
68,1823,1199,241,196,139,-1,-1
68,1824,1455,325,253,176,-1,-1
68,1825,1564,244,135,110,-1,-1
68,1830,1744,114,96,48,-1,-1
69,1821,1693,239,112,106,-1,-1
69,1823,1216,239,196,137,-1,-1
69,1824,1455,325,253,176,-1,-1
69,1825,1563,244,137,110,-1,-1
69,1830,1744,114,96,48,-1,-1
70,1821,1693,239,112,106,-1,-1
70,1823,1234,238,196,135,-1,-1
70,1824,1455,325,253,176,-1,-1
70,1825,1561,244,138,110,-1,-1
70,1830,1744,114,96,48,-1,-1
71,1821,1693,239,112,106,-1,-1
71,1823,1252,236,195,133,-1,-1
71,1824,1455,325,253,176,-1,-1
71,1825,1560,243,140,111,-1,-1
71,1830,1744,114,96,48,-1,-1
72,1821,1693,239,112,106,-1,-1
72,1823,1270,235,192,132,-1,-1
72,1824,1455,325,253,176,-1,-1
72,1825,1559,243,140,111,-1,-1
72,1830,1744,114,96,48,-1,-1
73,1821,1693,239,112,106,-1,-1
73,1823,1288,233,188,130,-1,-1
73,1824,1455,325,253,176,-1,-1
73,1825,1559,243,140,111,-1,-1
73,1830,1744,114,96,48,-1,-1
74,1821,1693,239,112,106,-1,-1
74,1823,1306,232,182,128,-1,-1
74,1824,1455,325,253,176,-1,-1
74,1825,1559,242,140,112,-1,-1
74,1830,1744,114,96,48,-1,-1
75,1821,1693,239,112,106,-1,-1
75,1823,1324,230,175,126,-1,-1
75,1824,1455,325,253,176,-1,-1
75,1825,1557,242,142,112,-1,-1
75,1830,1744,114,96,48,-1,-1
76,1821,1693,239,112,106,-1,-1
76,1823,1342,228,165,124,-1,-1
76,1824,1455,325,253,176,-1,-1
76,1825,1553,242,146,113,-1,-1
76,1830,1744,114,96,48,-1,-1
77,1821,1693,239,112,106,-1,-1
77,1823,1359,226,154,122,-1,-1
77,1824,1455,325,253,176,-1,-1
77,1825,1544,241,155,113,-1,-1
77,1830,1744,114,96,48,-1,-1
78,1821,1693,239,112,106,-1,-1
78,1824,1455,325,253,176,-1,-1
78,1825,1531,241,168,113,-1,-1
78,1830,1744,114,96,48,-1,-1
79,1821,1693,239,112,106,-1,-1
79,1824,1455,325,253,176,-1,-1
79,1825,1515,240,184,114,-1,-1
79,1830,1744,114,96,48,-1,-1
80,1821,1693,239,112,106,-1,-1
80,1824,1455,325,253,176,-1,-1
80,1825,1500,240,199,114,-1,-1
80,1830,1744,114,96,48,-1,-1
81,1821,1693,239,112,106,-1,-1
81,1824,1455,325,253,176,-1,-1
81,1825,1489,240,211,115,-1,-1
81,1826,787,176,23,60,-1,-1
81,1830,1744,114,96,48,-1,-1
82,1821,1693,239,112,106,-1,-1
82,1824,1455,325,253,176,-1,-1
82,1825,1484,239,215,115,-1,-1
82,1826,795,176,54,60,-1,-1
82,1830,1744,114,96,48,-1,-1
83,1821,1693,239,112,106,-1,-1
83,1824,1455,325,253,175,-1,-1
83,1825,1487,239,213,115,-1,-1
83,1826,797,175,92,61,-1,-1
83,1830,1744,114,96,48,-1,-1
84,1821,1693,239,112,106,-1,-1
84,1824,1455,325,253,175,-1,-1
84,1825,1495,238,204,116,-1,-1
84,1826,799,175,129,61,-1,-1
84,1830,1744,113,96,48,-1,-1
85,1821,1693,239,112,106,-1,-1
85,1824,1456,325,253,175,-1,-1
85,1825,1508,238,191,116,-1,-1
85,1826,808,174,160,61,-1,-1
85,1830,1744,113,96,48,-1,-1
86,1821,1693,239,112,106,-1,-1
86,1824,1456,325,253,175,-1,-1
86,1825,1523,238,176,117,-1,-1
86,1826,833,174,174,62,-1,-1
86,1830,1744,113,96,48,-1,-1
87,1821,1693,239,112,106,-1,-1
87,1824,1456,325,253,175,-1,-1
87,1825,1538,237,161,117,-1,-1
87,1826,872,173,175,62,-1,-1
87,1830,1744,113,96,48,-1,-1
88,1821,1693,239,112,106,-1,-1
88,1824,1456,325,253,175,-1,-1
88,1825,1551,237,148,117,-1,-1
88,1826,911,173,175,62,-1,-1
88,1830,1744,113,96,48,-1,-1
89,1821,1693,239,112,106,-1,-1
89,1824,1456,325,253,175,-1,-1
89,1825,1561,237,138,118,-1,-1
89,1826,942,172,183,63,-1,-1
89,1830,1744,113,96,48,-1,-1
90,1821,1693,239,112,106,-1,-1
90,1824,1456,325,253,175,-1,-1
90,1825,1567,236,132,118,-1,-1
90,1826,970,172,194,63,-1,-1
90,1830,1744,113,96,48,-1,-1
91,1821,1693,239,112,106,-1,-1
91,1824,1455,325,253,175,-1,-1
91,1825,1569,236,130,118,-1,-1
91,1826,1003,171,201,64,-1,-1
91,1830,1744,113,96,48,-1,-1
92,1821,1693,239,112,106,-1,-1
92,1824,1455,325,253,176,-1,-1
92,1825,1569,236,130,118,-1,-1
92,1826,1041,171,203,64,-1,-1
92,1830,1744,113,96,48,-1,-1
93,1821,1693,239,112,106,-1,-1
93,1824,1455,325,253,176,-1,-1
93,1825,1568,236,131,119,-1,-1
93,1826,1082,171,200,64,-1,-1
93,1830,1744,113,96,48,-1,-1
94,1821,1693,239,112,106,-1,-1
94,1824,1455,325,253,176,-1,-1
94,1825,1567,236,132,119,-1,-1
94,1826,1127,170,196,65,-1,-1
94,1830,1744,113,96,48,-1,-1
95,1821,1693,239,112,106,-1,-1
95,1824,1455,325,254,176,-1,-1
95,1825,1566,236,133,119,-1,-1
95,1826,1170,170,191,65,-1,-1
95,1830,1744,113,96,48,-1,-1
96,1821,1693,239,112,106,-1,-1
96,1824,1455,325,254,177,-1,-1
96,1825,1565,236,134,119,-1,-1
96,1826,1213,169,188,66,-1,-1
96,1830,1744,113,96,48,-1,-1
97,1821,1693,239,112,106,-1,-1
97,1824,1455,325,254,177,-1,-1
97,1825,1565,236,134,119,-1,-1
97,1826,1256,169,184,66,-1,-1
97,1830,1744,113,96,48,-1,-1
98,1821,1692,239,112,106,-1,-1
98,1824,1455,325,254,177,-1,-1
98,1825,1565,236,134,119,-1,-1
98,1826,1303,168,176,66,-1,-1
98,1830,1744,113,96,48,-1,-1
99,1821,1692,239,112,106,-1,-1
99,1824,1454,325,254,176,-1,-1
99,1825,1566,236,133,119,-1,-1
99,1826,1353,168,166,67,-1,-1
99,1830,1744,113,96,48,-1,-1
100,1821,1692,239,113,106,-1,-1
100,1824,1454,325,254,176,-1,-1
100,1825,1567,236,132,118,-1,-1
100,1826,1406,167,153,67,-1,-1
100,1830,1744,113,96,48,-1,-1
101,1821,1692,239,113,106,-1,-1
101,1824,1454,325,254,176,-1,-1
101,1825,1567,236,132,118,-1,-1
101,1826,1458,167,140,68,-1,-1
101,1830,1744,113,96,48,-1,-1
102,1821,1692,239,113,106,-1,-1
102,1824,1454,325,254,176,-1,-1
102,1825,1567,236,132,118,-1,-1
102,1830,1744,113,96,48,-1,-1
103,1821,1692,239,113,106,-1,-1
103,1824,1454,325,254,176,-1,-1
103,1825,1567,237,132,118,-1,-1
103,1830,1744,113,96,48,-1,-1
104,1821,1692,239,113,106,-1,-1
104,1824,1454,325,254,176,-1,-1
104,1825,1566,237,133,117,-1,-1
104,1830,1744,113,96,48,-1,-1
105,1821,1692,239,113,106,-1,-1
105,1824,1455,325,254,175,-1,-1
105,1825,1565,237,134,117,-1,-1
105,1830,1744,113,96,48,-1,-1
106,1821,1692,239,113,106,-1,-1
106,1824,1455,325,254,175,-1,-1
106,1825,1563,238,136,117,-1,-1
106,1830,1744,113,96,48,-1,-1
107,1821,1692,239,113,106,-1,-1
107,1824,1455,325,254,175,-1,-1
107,1825,1561,238,138,116,-1,-1
107,1809,778,176,79,57,-1,-1
107,1830,1744,113,96,48,-1,-1
108,1821,1692,239,113,106,-1,-1
108,1824,1455,325,254,175,-1,-1
108,1825,1559,238,140,116,-1,-1
108,1809,789,177,92,60,-1,-1
108,1830,1744,113,96,48,-1,-1
109,1821,1692,239,113,106,-1,-1
109,1824,1455,325,254,176,-1,-1
109,1825,1558,239,141,116,-1,-1
109,1809,801,178,104,64,-1,-1
109,1828,1462,184,85,88,-1,-1
109,1830,1744,113,96,48,-1,-1
110,1821,1692,239,113,106,-1,-1
110,1824,1454,325,254,176,-1,-1
110,1825,1557,239,142,115,-1,-1
110,1809,814,178,116,68,-1,-1
110,1828,1439,183,101,87,-1,-1
110,1830,1744,113,96,48,-1,-1
111,1821,1692,239,113,106,-1,-1
111,1824,1454,325,254,176,-1,-1
111,1825,1557,240,142,115,-1,-1
111,1809,829,178,125,73,-1,-1
111,1828,1416,182,118,87,-1,-1
111,1830,1744,113,96,48,-1,-1
112,1821,1692,239,113,106,-1,-1
112,1824,1454,325,254,176,-1,-1
112,1825,1558,240,141,114,-1,-1
112,1809,846,177,134,77,-1,-1
112,1828,1393,181,132,86,-1,-1
112,1830,1744,113,96,48,-1,-1
113,1821,1692,240,113,106,-1,-1
113,1824,1454,325,254,176,-1,-1
113,1825,1558,240,141,114,-1,-1
113,1809,864,177,141,82,-1,-1
113,1828,1370,180,143,86,-1,-1
113,1830,1744,113,96,48,-1,-1
114,1821,1692,240,113,106,-1,-1
114,1824,1454,325,254,176,-1,-1
114,1825,1558,241,141,114,-1,-1
114,1809,883,177,146,85,-1,-1
114,1828,1347,179,150,85,-1,-1
114,1830,1744,113,96,48,-1,-1
115,1821,1692,240,113,106,-1,-1
115,1824,1455,325,254,176,-1,-1
115,1825,1559,241,140,113,-1,-1
115,1809,902,177,151,89,-1,-1
115,1828,1323,178,154,85,-1,-1
115,1830,1744,113,96,48,-1,-1
116,1821,1692,240,113,106,-1,-1
116,1824,1455,325,254,176,-1,-1
116,1825,1559,241,140,113,-1,-1
116,1809,922,177,155,91,-1,-1
116,1828,1300,177,157,84,-1,-1
116,1830,1744,113,96,48,-1,-1
117,1821,1692,240,113,106,-1,-1
117,1824,1455,325,253,176,-1,-1
117,1825,1560,242,139,113,-1,-1
117,1809,943,178,158,93,-1,-1
117,1828,1277,176,159,84,-1,-1
117,1830,1744,113,96,48,-1,-1
118,1821,1692,240,113,106,-1,-1
118,1824,1456,325,253,176,-1,-1
118,1825,1561,242,138,112,-1,-1
118,1809,962,179,161,95,-1,-1
118,1828,1254,175,160,83,-1,-1
118,1830,1744,113,96,48,-1,-1
119,1821,1692,240,113,106,-1,-1
119,1824,1456,325,253,176,-1,-1
119,1825,1562,242,137,112,-1,-1
119,1809,982,179,163,96,-1,-1
119,1828,1231,174,160,83,-1,-1
119,1830,1744,113,96,48,-1,-1
120,1821,1692,240,113,106,-1,-1
120,1824,1456,325,253,176,-1,-1
120,1825,1562,242,137,112,-1,-1
120,1809,1000,180,165,98,-1,-1
120,1828,1208,173,159,82,-1,-1
120,1830,1744,113,96,48,-1,-1
121,1821,1692,240,113,106,-1,-1
121,1824,1455,325,253,176,-1,-1
121,1825,1562,243,137,112,-1,-1
121,1809,1018,180,167,100,-1,-1
121,1828,1184,172,157,81,-1,-1
121,1830,1743,113,96,48,-1,-1
122,1821,1692,240,113,106,-1,-1
122,1824,1455,325,253,176,-1,-1
122,1825,1563,243,136,111,-1,-1
122,1809,1035,179,168,101,-1,-1
122,1828,1161,171,153,81,-1,-1
122,1830,1743,113,96,48,-1,-1
123,1821,1692,240,113,106,-1,-1
123,1824,1455,325,254,176,-1,-1
123,1825,1563,243,136,111,-1,-1
123,1809,1052,179,169,103,-1,-1
123,1828,1138,170,147,80,-1,-1
123,1830,1743,113,96,48,-1,-1
124,1821,1692,240,113,106,-1,-1
124,1824,1455,325,254,176,-1,-1
124,1825,1564,243,135,111,-1,-1
124,1809,1068,178,169,105,-1,-1
124,1828,1115,169,140,80,-1,-1
124,1830,1743,113,96,48,-1,-1
125,1821,1692,240,113,106,-1,-1
125,1824,1455,325,254,177,-1,-1
125,1825,1565,243,134,111,-1,-1
125,1809,1084,177,168,107,-1,-1
125,1828,1092,168,132,79,-1,-1
125,1830,1743,113,96,48,-1,-1
126,1821,1692,240,113,106,-1,-1
126,1824,1455,325,254,177,-1,-1
126,1825,1566,243,133,111,-1,-1
126,1809,1100,177,166,108,-1,-1
126,1828,1069,167,127,79,-1,-1
126,1830,1743,113,96,48,-1,-1
127,1821,1692,240,113,106,-1,-1
127,1824,1455,325,254,177,-1,-1
127,1825,1567,244,132,111,-1,-1
127,1809,1116,178,164,109,-1,-1
127,1828,1045,166,125,78,-1,-1
127,1830,1743,113,96,48,-1,-1
128,1821,1692,240,113,106,-1,-1
128,1824,1455,325,253,177,-1,-1
128,1825,1567,244,132,111,-1,-1
128,1809,1131,178,161,109,-1,-1
128,1828,1022,165,124,78,-1,-1
128,1830,1743,113,96,48,-1,-1
129,1821,1692,240,113,106,-1,-1
129,1824,1455,325,253,177,-1,-1
129,1825,1566,244,132,111,-1,-1
129,1809,1145,179,157,109,-1,-1
129,1828,999,164,124,77,-1,-1
129,1829,1764,118,104,90,-1,-1
129,1830,1743,113,96,48,-1,-1
130,1821,1692,240,113,106,-1,-1
130,1824,1455,325,253,177,-1,-1
130,1825,1566,244,133,111,-1,-1
130,1809,1159,180,153,110,-1,-1
130,1828,976,163,124,77,-1,-1
130,1829,1739,119,135,90,-1,-1
130,1830,1743,113,96,48,-1,-1
131,1821,1692,240,113,106,-1,-1
131,1824,1456,325,253,177,-1,-1
131,1825,1565,244,134,111,-1,-1
131,1809,1171,181,149,110,-1,-1
131,1828,953,162,122,76,-1,-1
131,1829,1707,119,160,89,-1,-1
131,1830,1743,113,96,48,-1,-1
132,1821,1692,240,113,106,-1,-1
132,1824,1456,325,253,177,-1,-1
132,1825,1563,244,135,111,-1,-1
132,1809,1182,181,146,111,-1,-1
132,1828,930,160,118,75,-1,-1
132,1829,1670,120,196,89,-1,-1
132,1830,1743,113,96,48,-1,-1
133,1821,1692,240,113,106,-1,-1
133,1824,1456,325,253,177,-1,-1
133,1825,1562,244,136,111,-1,-1
133,1809,1191,182,143,112,-1,-1
133,1828,906,159,113,75,-1,-1
133,1829,1626,121,235,89,-1,-1
133,1830,1743,113,96,48,-1,-1
134,1821,1692,240,113,106,-1,-1
134,1824,1456,325,253,177,-1,-1
134,1825,1562,244,137,111,-1,-1
134,1809,1199,182,140,113,-1,-1
134,1828,883,158,107,74,-1,-1
134,1829,1585,121,256,88,-1,-1
134,1830,1743,113,96,48,-1,-1
135,1821,1692,240,113,106,-1,-1
135,1824,1456,325,253,177,-1,-1
135,1825,1561,244,138,111,-1,-1
135,1809,1205,183,138,114,-1,-1
135,1828,860,157,102,74,-1,-1
135,1829,1564,122,230,88,-1,-1
135,1830,1743,113,96,48,-1,-1
136,1821,1692,240,113,106,-1,-1
136,1824,1455,325,253,177,-1,-1
136,1825,1560,244,139,111,-1,-1
136,1809,1209,184,136,115,-1,-1
136,1828,837,156,98,73,-1,-1
136,1829,1561,122,136,88,-1,-1
136,1830,1743,113,96,48,-1,-1
137,1821,1692,240,113,106,-1,-1
137,1824,1455,325,253,177,-1,-1
137,1825,1560,244,139,111,-1,-1
137,1809,1212,185,135,116,-1,-1
137,1828,814,155,97,73,-1,-1
137,1829,1533,123,124,87,-1,-1
137,1830,1743,113,96,48,-1,-1
138,1821,1692,240,113,106,-1,-1
138,1824,1455,325,253,177,-1,-1
138,1825,1560,244,139,111,-1,-1
138,1809,1213,186,135,117,-1,-1
138,1828,791,154,98,72,-1,-1
138,1829,1462,123,210,87,-1,-1
138,1830,1743,113,96,48,-1,-1
139,1821,1692,240,113,106,-1,-1
139,1824,1455,325,253,177,-1,-1
139,1825,1560,244,139,111,-1,-1
139,1809,1213,188,135,117,-1,-1
139,1828,767,153,99,72,-1,-1
139,1829,1402,124,265,87,-1,-1
139,1830,1743,113,96,48,-1,-1
140,1821,1692,240,113,106,-1,-1
140,1824,1455,325,253,177,-1,-1
140,1825,1560,244,138,111,-1,-1
140,1809,1212,189,136,118,-1,-1
140,1828,744,152,102,71,-1,-1
140,1829,1364,124,181,86,-1,-1
140,1830,1743,113,96,48,-1,-1
141,1821,1692,240,113,106,-1,-1
141,1824,1455,325,253,177,-1,-1
141,1825,1562,244,137,111,-1,-1
141,1809,1209,191,137,118,-1,-1
141,1829,1331,125,176,86,-1,-1
141,1830,1743,113,96,48,-1,-1
142,1821,1692,240,113,106,-1,-1
142,1824,1455,325,253,177,-1,-1
142,1825,1563,244,136,111,-1,-1
142,1809,1205,192,140,119,-1,-1
142,1829,1299,125,205,86,-1,-1
142,1830,1743,113,96,48,-1,-1
143,1821,1692,240,113,105,-1,-1
143,1824,1455,325,253,177,-1,-1
143,1825,1564,244,134,111,-1,-1
143,1809,1199,193,143,121,-1,-1
143,1829,1263,126,219,85,-1,-1
143,1830,1743,113,96,48,-1,-1
144,1821,1692,240,113,105,-1,-1
144,1824,1455,325,253,177,-1,-1
144,1825,1566,244,133,110,-1,-1
144,1809,1192,194,146,123,-1,-1
144,1829,1232,126,240,85,-1,-1
144,1830,1743,113,96,48,-1,-1
145,1821,1692,240,113,105,-1,-1
145,1824,1455,325,253,177,-1,-1
145,1825,1567,244,131,110,-1,-1
145,1809,1184,194,150,125,-1,-1
145,1829,1201,127,226,85,-1,-1
145,1830,1743,113,96,48,-1,-1
146,1821,1692,240,113,105,-1,-1
146,1824,1455,325,253,177,-1,-1
146,1825,1568,244,130,110,-1,-1
146,1809,1175,194,153,127,-1,-1
146,1829,1165,127,222,84,-1,-1
146,1830,1743,113,96,48,-1,-1
147,1821,1692,240,113,105,-1,-1
147,1824,1455,325,253,177,-1,-1
147,1825,1569,244,130,110,-1,-1
147,1809,1165,194,157,130,-1,-1
147,1829,1126,128,210,84,-1,-1
147,1830,1743,113,96,48,-1,-1
148,1821,1692,240,113,105,-1,-1
148,1824,1455,325,253,177,-1,-1
148,1825,1570,244,129,110,-1,-1
148,1809,1155,194,160,133,-1,-1
148,1829,1092,128,200,84,-1,-1
148,1830,1743,113,96,48,-1,-1
149,1821,1692,240,113,105,-1,-1
149,1824,1455,325,253,177,-1,-1
149,1825,1570,244,129,110,-1,-1
149,1809,1144,194,164,135,-1,-1
149,1829,1065,129,195,83,-1,-1
149,1830,1743,113,96,48,-1,-1
150,1821,1692,240,113,105,-1,-1
150,1824,1455,325,253,177,-1,-1
150,1825,1569,244,130,110,-1,-1
150,1809,1133,194,166,137,-1,-1
150,1829,1038,129,194,83,-1,-1
150,1830,1743,113,96,48,-1,-1
151,1821,1692,240,113,105,-1,-1
151,1824,1455,325,254,177,-1,-1
151,1825,1568,245,130,110,-1,-1
151,1809,1122,195,169,140,-1,-1
151,1829,1007,130,202,82,-1,-1
151,1830,1743,113,96,48,-1,-1
152,1821,1692,240,113,105,-1,-1
152,1824,1455,325,254,177,-1,-1
152,1825,1567,245,132,110,-1,-1
152,1809,1110,196,171,141,-1,-1
152,1829,975,130,204,82,-1,-1
152,1830,1743,113,96,48,-1,-1
153,1821,1692,240,113,105,-1,-1
153,1824,1455,325,253,177,-1,-1
153,1825,1566,245,133,110,-1,-1
153,1809,1098,197,173,142,-1,-1
153,1829,951,131,210,82,-1,-1
153,1830,1743,113,96,48,-1,-1
154,1821,1692,240,113,105,-1,-1
154,1824,1455,325,253,177,-1,-1
154,1825,1565,245,134,109,-1,-1
154,1809,1085,199,175,143,-1,-1
154,1829,933,132,195,81,-1,-1
154,1830,1743,113,96,48,-1,-1
155,1821,1692,240,113,105,-1,-1
155,1824,1455,325,253,177,-1,-1
155,1825,1564,245,135,109,-1,-1
155,1809,1073,201,177,144,-1,-1
155,1829,907,132,195,81,-1,-1
155,1830,1743,113,96,48,-1,-1
156,1821,1692,240,113,105,-1,-1
156,1824,1456,325,253,177,-1,-1
156,1825,1563,245,136,109,-1,-1
156,1809,1059,203,180,145,-1,-1
156,1829,876,133,190,81,-1,-1
156,1830,1743,113,96,48,-1,-1
157,1821,1692,240,113,105,-1,-1
157,1824,1456,325,253,177,-1,-1
157,1825,1562,245,137,109,-1,-1
157,1809,1045,206,183,146,-1,-1
157,1829,849,133,190,80,-1,-1
157,1830,1743,113,96,48,-1,-1
158,1821,1692,240,113,105,-1,-1
158,1824,1456,325,253,177,-1,-1
158,1825,1561,245,137,109,-1,-1
158,1809,1031,208,186,147,-1,-1
158,1829,825,134,188,80,-1,-1
158,1830,1743,113,96,48,-1,-1
159,1821,1692,240,113,105,-1,-1
159,1824,1456,325,252,177,-1,-1
159,1825,1561,246,138,109,-1,-1
159,1809,1016,210,190,149,-1,-1
159,1829,805,134,126,80,-1,-1
159,1830,1743,113,96,48,-1,-1
160,1821,1692,240,113,105,-1,-1
160,1824,1456,325,252,177,-1,-1
160,1825,1561,246,138,109,-1,-1
160,1809,1000,211,194,150,-1,-1
160,1829,798,135,116,79,-1,-1
160,1830,1743,113,96,48,-1,-1
161,1821,1692,240,113,105,-1,-1
161,1824,1456,325,252,177,-1,-1
161,1825,1561,246,137,109,-1,-1
161,1809,985,212,198,153,-1,-1
161,1829,798,135,108,79,-1,-1
161,1830,1743,113,96,48,-1,-1
162,1821,1692,240,113,105,-1,-1
162,1824,1456,325,252,177,-1,-1
162,1825,1562,246,137,109,-1,-1
162,1809,969,213,202,156,-1,-1
162,1829,793,136,104,79,-1,-1
162,1830,1743,113,96,48,-1,-1
163,1821,1692,240,113,105,-1,-1
163,1824,1456,325,252,177,-1,-1
163,1825,1563,246,136,109,-1,-1
163,1809,954,214,206,159,-1,-1
163,1830,1743,113,96,48,-1,-1
164,1821,1692,240,113,105,-1,-1
164,1824,1456,325,252,177,-1,-1
164,1825,1563,246,136,109,-1,-1
164,1809,939,215,210,162,-1,-1
164,1830,1743,113,96,48,-1,-1
165,1821,1692,240,113,105,-1,-1
165,1824,1456,325,253,177,-1,-1
165,1825,1563,246,135,109,-1,-1
165,1809,925,216,213,165,-1,-1
165,1830,1743,113,96,48,-1,-1
166,1821,1692,240,113,105,-1,-1
166,1824,1456,325,253,176,-1,-1
166,1825,1563,246,135,109,-1,-1
166,1809,912,217,216,168,-1,-1
166,1830,1743,113,96,48,-1,-1
167,1821,1692,240,113,105,-1,-1
167,1824,1455,325,253,176,-1,-1
167,1825,1563,246,136,109,-1,-1
167,1809,899,218,218,171,-1,-1
167,1830,1743,113,96,48,-1,-1
168,1821,1692,240,113,105,-1,-1
168,1824,1455,325,253,175,-1,-1
168,1825,1562,246,137,109,-1,-1
168,1809,888,219,220,174,-1,-1
168,1830,1743,113,96,48,-1,-1
169,1821,1692,240,114,105,-1,-1
169,1824,1455,325,253,175,-1,-1
169,1825,1561,246,138,109,-1,-1
169,1809,877,220,221,177,-1,-1
169,1830,1743,113,96,48,-1,-1
170,1821,1692,240,114,105,-1,-1
170,1824,1456,325,253,174,-1,-1
170,1825,1560,246,139,109,-1,-1
170,1809,866,222,223,181,-1,-1
170,1830,1743,113,96,48,-1,-1
170,1831,1748,146,148,66,-1,-1
171,1821,1692,240,114,105,-1,-1
171,1824,1456,325,253,174,-1,-1
171,1825,1559,246,140,109,-1,-1
171,1809,857,223,224,184,-1,-1
171,1830,1743,113,96,48,-1,-1
171,1831,1702,146,151,66,-1,-1
172,1821,1692,240,114,105,-1,-1
172,1824,1456,325,252,174,-1,-1
172,1825,1558,246,140,109,-1,-1
172,1809,848,224,225,187,-1,-1
172,1830,1743,113,96,48,-1,-1
172,1831,1663,147,148,65,-1,-1
173,1821,1692,240,114,105,-1,-1
173,1824,1456,325,252,173,-1,-1
173,1825,1558,246,140,109,-1,-1
173,1809,839,226,226,191,-1,-1
173,1830,1743,113,96,48,-1,-1
173,1831,1636,147,132,65,-1,-1
174,1821,1692,240,114,105,-1,-1
174,1824,1456,325,252,174,-1,-1
174,1825,1559,246,139,109,-1,-1
174,1809,831,228,227,195,-1,-1
174,1830,1743,113,96,48,-1,-1
174,1831,1604,148,121,65,-1,-1
175,1821,1692,240,114,105,-1,-1
175,1824,1457,325,252,174,-1,-1
175,1825,1560,245,138,109,-1,-1
175,1809,823,230,229,198,-1,-1
175,1830,1743,113,96,48,-1,-1
175,1831,1549,149,133,64,-1,-1
176,1821,1692,240,114,105,-1,-1
176,1824,1457,325,252,175,-1,-1
176,1825,1562,245,136,109,-1,-1
176,1809,815,233,231,202,-1,-1
176,1830,1743,113,96,48,-1,-1
176,1831,1475,149,164,64,-1,-1
177,1821,1692,240,114,105,-1,-1
177,1824,1457,325,252,175,-1,-1
177,1825,1564,245,134,109,-1,-1
177,1809,809,236,233,205,-1,-1
177,1830,1743,113,96,48,-1,-1
177,1831,1409,150,187,63,-1,-1
178,1821,1692,240,114,105,-1,-1
178,1824,1457,325,252,176,-1,-1
178,1825,1565,245,133,109,-1,-1
178,1809,802,240,235,209,-1,-1
178,1830,1743,113,96,48,-1,-1
178,1831,1357,150,197,63,-1,-1
179,1821,1692,240,114,105,-1,-1
179,1824,1456,325,252,177,-1,-1
179,1825,1566,245,132,110,-1,-1
179,1809,796,244,236,212,-1,-1
179,1830,1743,113,96,48,-1,-1
179,1831,1314,151,197,63,-1,-1
180,1821,1692,240,114,105,-1,-1
180,1824,1456,325,252,178,-1,-1
180,1825,1566,245,132,110,-1,-1
180,1809,791,248,238,215,-1,-1
180,1830,1743,113,96,48,-1,-1
180,1831,1272,151,195,62,-1,-1
181,1821,1692,240,114,105,-1,-1
181,1824,1456,325,252,179,-1,-1
181,1825,1566,245,132,110,-1,-1
181,1809,786,253,240,219,-1,-1
181,1830,1743,113,96,48,-1,-1
181,1831,1231,152,194,62,-1,-1
182,1821,1692,240,114,105,-1,-1
182,1824,1456,325,252,180,-1,-1
182,1825,1566,245,132,110,-1,-1
182,1809,782,257,242,223,-1,-1
182,1830,1743,113,96,48,-1,-1
182,1831,1191,153,192,61,-1,-1
182,1832,1742,422,167,386,-1,-1
183,1821,1692,240,114,105,-1,-1
183,1824,1456,325,252,180,-1,-1
183,1825,1566,245,132,110,-1,-1
183,1809,779,261,245,227,-1,-1
183,1830,1743,113,96,48,-1,-1
183,1831,1150,153,190,61,-1,-1
183,1832,1702,421,207,361,-1,-1
184,1821,1692,240,114,105,-1,-1
184,1824,1456,325,252,180,-1,-1
184,1825,1566,244,132,110,-1,-1
184,1809,776,265,247,231,-1,-1
184,1830,1743,113,96,48,-1,-1
184,1831,1111,154,186,61,-1,-1
184,1832,1663,419,248,343,-1,-1
185,1821,1692,240,114,105,-1,-1
185,1824,1456,325,253,178,-1,-1
185,1825,1566,244,132,110,-1,-1
185,1809,774,269,251,235,-1,-1
185,1830,1743,113,96,48,-1,-1
185,1831,1073,154,181,60,-1,-1
185,1832,1626,416,289,329,-1,-1
186,1821,1692,240,114,105,-1,-1
186,1824,1455,325,253,174,-1,-1
186,1825,1566,244,132,110,-1,-1
186,1809,772,272,254,240,-1,-1
186,1830,1743,113,96,48,-1,-1
186,1831,1036,155,175,60,-1,-1
186,1832,1589,412,328,315,-1,-1
187,1821,1692,240,114,105,-1,-1
187,1824,1455,325,254,169,-1,-1
187,1825,1566,244,132,110,-1,-1
187,1809,771,276,258,244,-1,-1
187,1830,1743,113,96,48,-1,-1
187,1831,998,155,170,59,-1,-1
187,1832,1555,406,363,303,-1,-1
188,1821,1692,240,114,105,-1,-1
188,1824,1455,325,254,162,-1,-1
188,1825,1566,244,133,110,-1,-1
188,1809,771,279,263,249,-1,-1
188,1830,1743,113,96,48,-1,-1
188,1831,964,156,162,59,-1,-1
188,1832,1521,398,389,296,-1,-1
189,1821,1692,240,114,105,-1,-1
189,1824,1455,325,254,153,-1,-1
189,1825,1565,244,133,110,-1,-1
189,1809,771,283,268,254,-1,-1
189,1830,1743,113,96,48,-1,-1
189,1831,942,156,141,59,-1,-1
189,1832,1489,389,403,291,-1,-1
190,1821,1692,240,114,105,-1,-1
190,1824,1455,325,254,144,-1,-1
190,1825,1565,244,134,110,-1,-1
190,1809,772,286,274,260,-1,-1
190,1830,1743,113,96,48,-1,-1
190,1831,937,157,103,58,-1,-1
190,1832,1459,380,404,286,-1,-1
191,1821,1692,240,114,105,-1,-1
191,1824,1456,325,253,133,-1,-1
191,1825,1564,244,134,110,-1,-1
191,1809,774,289,281,265,-1,-1
191,1830,1743,113,96,48,-1,-1
191,1831,936,158,61,58,-1,-1
191,1832,1430,371,396,280,-1,-1
192,1821,1692,240,114,105,-1,-1
192,1824,1456,325,252,123,-1,-1
192,1825,1563,244,135,110,-1,-1
192,1809,776,292,288,271,-1,-1
192,1830,1743,113,96,48,-1,-1
192,1832,1402,363,383,275,-1,-1
193,1821,1692,240,114,105,-1,-1
193,1824,1457,325,252,113,-1,-1
193,1825,1562,244,136,110,-1,-1
193,1809,779,296,296,276,-1,-1
193,1830,1743,113,96,48,-1,-1
193,1832,1375,356,369,271,-1,-1
194,1821,1692,240,114,105,-1,-1
194,1825,1562,244,137,110,-1,-1
194,1809,782,301,305,282,-1,-1
194,1830,1743,113,96,48,-1,-1
194,1832,1350,351,357,265,-1,-1
195,1821,1692,240,114,105,-1,-1
195,1825,1562,244,137,110,-1,-1
195,1809,786,306,314,287,-1,-1
195,1830,1743,113,96,48,-1,-1
195,1832,1325,346,347,259,-1,-1
195,1833,1554,327,152,172,-1,-1
196,1821,1692,240,114,105,-1,-1
196,1825,1562,244,136,110,-1,-1
196,1809,790,311,326,292,-1,-1
196,1830,1743,113,96,48,-1,-1
196,1832,1303,342,339,253,-1,-1
196,1833,1539,327,166,172,-1,-1
197,1821,1692,240,114,105,-1,-1
197,1825,1564,244,134,110,-1,-1
197,1809,794,317,338,297,-1,-1
197,1830,1743,113,96,48,-1,-1
197,1832,1281,338,330,248,-1,-1
197,1833,1524,326,182,173,-1,-1
198,1821,1692,240,114,105,-1,-1
198,1825,1565,245,133,110,-1,-1
198,1809,799,322,352,303,-1,-1
198,1830,1743,113,96,48,-1,-1
198,1832,1261,335,321,243,-1,-1
198,1833,1509,326,197,173,-1,-1
199,1821,1692,240,114,105,-1,-1
199,1825,1566,245,132,110,-1,-1
199,1809,805,327,368,310,-1,-1
199,1830,1743,113,96,48,-1,-1
199,1832,1243,331,310,237,-1,-1
199,1833,1494,326,212,173,-1,-1
200,1821,1692,240,114,105,-1,-1
200,1825,1566,245,133,110,-1,-1
200,1809,811,332,384,318,-1,-1
200,1830,1743,113,96,48,-1,-1
200,1832,1226,327,299,230,-1,-1
200,1833,1482,326,224,173,-1,-1
201,1821,1692,240,114,105,-1,-1
201,1825,1564,245,134,110,-1,-1
201,1809,819,335,402,328,-1,-1
201,1830,1743,113,96,48,-1,-1
201,1832,1210,324,288,223,-1,-1
201,1833,1471,326,235,173,-1,-1
202,1821,1692,240,114,105,-1,-1
202,1825,1562,245,136,109,-1,-1
202,1809,829,337,421,340,-1,-1
202,1830,1743,113,96,48,-1,-1
202,1832,1195,320,277,218,-1,-1
202,1833,1463,326,243,173,-1,-1
203,1821,1692,240,114,105,-1,-1
203,1825,1560,245,138,109,-1,-1
203,1809,841,338,439,354,-1,-1
203,1830,1743,113,96,48,-1,-1
203,1832,1181,316,267,212,-1,-1
203,1833,1458,326,248,173,-1,-1
204,1821,1692,240,114,105,-1,-1
204,1825,1559,245,139,109,-1,-1
204,1809,856,338,458,370,-1,-1
204,1830,1743,113,96,48,-1,-1
204,1832,1168,313,257,205,-1,-1
204,1833,1455,326,251,173,-1,-1
205,1821,1692,240,114,105,-1,-1
205,1825,1560,245,138,109,-1,-1
205,1809,873,338,477,388,-1,-1
205,1830,1743,113,96,48,-1,-1
205,1832,1155,309,248,188,-1,-1
205,1833,1455,326,251,173,-1,-1
205,1814,776,184,98,58,-1,-1
206,1821,1692,240,114,105,-1,-1
206,1825,1561,245,137,109,-1,-1
206,1809,893,338,497,407,-1,-1
206,1830,1743,113,96,48,-1,-1
206,1832,1142,304,237,153,-1,-1
206,1833,1456,326,250,173,-1,-1
206,1814,790,185,108,61,-1,-1
207,1821,1692,240,114,105,-1,-1
207,1825,1562,246,136,109,-1,-1
207,1809,916,340,518,425,-1,-1
207,1830,1743,113,97,48,-1,-1
207,1832,1131,300,226,111,-1,-1
207,1833,1458,326,248,173,-1,-1
207,1814,804,186,117,65,-1,-1
208,1821,1692,240,114,105,-1,-1
208,1825,1563,246,135,109,-1,-1
208,1809,940,345,539,442,-1,-1
208,1830,1743,113,97,48,-1,-1
208,1832,1120,295,218,89,-1,-1
208,1833,1461,326,246,173,-1,-1
208,1814,820,187,126,68,-1,-1
209,1821,1692,241,114,105,-1,-1
209,1825,1564,246,134,109,-1,-1
209,1809,966,353,562,457,-1,-1
209,1830,1743,113,97,48,-1,-1
209,1832,1110,290,212,96,-1,-1
209,1833,1463,326,243,173,-1,-1
209,1814,836,187,133,71,-1,-1
210,1821,1692,241,114,105,-1,-1
210,1825,1565,246,134,109,-1,-1
210,1809,994,363,587,471,-1,-1
210,1830,1743,113,97,48,-1,-1
210,1832,1102,286,210,124,-1,-1
210,1833,1464,326,242,173,-1,-1
210,1814,853,188,139,74,-1,-1
211,1821,1692,241,114,105,-1,-1
211,1825,1565,246,133,109,-1,-1
211,1809,1023,376,614,484,-1,-1
211,1830,1743,113,97,48,-1,-1
211,1832,1096,281,209,158,-1,-1
211,1833,1465,326,241,174,-1,-1
211,1814,871,188,144,77,-1,-1
212,1821,1692,241,114,105,-1,-1
212,1825,1565,246,134,109,-1,-1
212,1809,1054,391,641,498,-1,-1
212,1830,1743,113,97,48,-1,-1
212,1832,1093,277,206,180,-1,-1
212,1833,1465,326,241,174,-1,-1
212,1814,890,189,147,79,-1,-1
213,1821,1692,241,114,105,-1,-1
213,1825,1564,246,134,109,-1,-1
213,1809,1087,405,671,513,-1,-1
213,1830,1743,113,97,48,-1,-1
213,1832,1091,274,203,184,-1,-1
213,1833,1465,326,242,174,-1,-1
213,1814,909,189,150,81,-1,-1
214,1821,1692,241,114,105,-1,-1
214,1825,1564,245,134,109,-1,-1
214,1809,1122,418,701,530,-1,-1
214,1830,1743,113,97,48,-1,-1
214,1832,1091,271,198,178,-1,-1
214,1833,1464,326,243,174,-1,-1
214,1814,929,190,152,83,-1,-1
215,1821,1692,241,114,105,-1,-1
215,1825,1563,245,135,109,-1,-1
215,1809,1158,429,734,550,-1,-1
215,1830,1743,113,97,48,-1,-1
215,1832,1092,269,192,170,-1,-1
215,1833,1462,326,244,174,-1,-1
215,1814,948,190,153,84,-1,-1
216,1821,1692,241,114,105,-1,-1
216,1825,1562,245,136,109,-1,-1
216,1830,1743,113,97,48,-1,-1
216,1832,1095,267,188,164,-1,-1
216,1833,1461,326,245,174,-1,-1
216,1814,968,190,154,85,-1,-1
217,1821,1692,241,114,105,-1,-1
217,1825,1562,245,136,109,-1,-1
217,1830,1743,113,97,48,-1,-1
217,1832,1099,265,185,161,-1,-1
217,1833,1459,326,247,174,-1,-1
217,1814,988,191,153,86,-1,-1
218,1821,1692,241,114,105,-1,-1
218,1825,1561,245,137,110,-1,-1
218,1830,1743,113,97,48,-1,-1
218,1832,1104,263,184,161,-1,-1
218,1833,1458,326,248,174,-1,-1
218,1814,1008,191,152,86,-1,-1
219,1821,1692,241,114,105,-1,-1
219,1825,1561,245,137,110,-1,-1
219,1830,1743,113,97,48,-1,-1
219,1832,1110,260,186,160,-1,-1
219,1833,1457,326,250,174,-1,-1
219,1814,1027,191,151,86,-1,-1
220,1821,1691,241,114,104,-1,-1
220,1825,1561,245,137,110,-1,-1
220,1830,1743,113,97,48,-1,-1
220,1832,1117,258,187,157,-1,-1
220,1833,1456,326,250,174,-1,-1
220,1814,1046,191,150,86,-1,-1
221,1821,1691,241,114,104,-1,-1
221,1825,1561,245,137,110,-1,-1
221,1830,1743,113,97,48,-1,-1
221,1832,1125,255,189,155,-1,-1
221,1833,1455,325,251,174,-1,-1
221,1814,1064,191,148,85,-1,-1
222,1821,1691,241,114,104,-1,-1
222,1825,1561,244,137,110,-1,-1
222,1830,1743,113,97,48,-1,-1
222,1832,1134,252,190,152,-1,-1
222,1833,1455,325,251,174,-1,-1
222,1814,1082,192,146,85,-1,-1
223,1821,1691,241,114,104,-1,-1
223,1825,1561,244,137,111,-1,-1
223,1830,1743,113,97,48,-1,-1
223,1832,1145,250,191,150,-1,-1
223,1833,1455,325,252,174,-1,-1
223,1814,1099,192,144,85,-1,-1
224,1821,1691,241,114,104,-1,-1
224,1825,1561,244,137,111,-1,-1
224,1830,1743,113,97,48,-1,-1
224,1832,1156,247,192,148,-1,-1
224,1833,1455,325,252,174,-1,-1
224,1814,1115,192,142,85,-1,-1
225,1821,1691,241,114,104,-1,-1
225,1825,1562,244,136,111,-1,-1
225,1830,1743,113,97,48,-1,-1
225,1832,1169,245,194,146,-1,-1
225,1833,1455,325,252,174,-1,-1
225,1814,1129,192,140,85,-1,-1
226,1821,1691,241,114,104,-1,-1
226,1825,1562,243,136,111,-1,-1
226,1830,1743,113,97,48,-1,-1
226,1832,1183,243,195,144,-1,-1
226,1833,1455,325,251,175,-1,-1
226,1814,1143,192,138,86,-1,-1
227,1821,1691,241,114,104,-1,-1
227,1825,1561,243,137,112,-1,-1
227,1830,1743,113,97,48,-1,-1
227,1832,1198,241,197,142,-1,-1
227,1833,1456,325,251,175,-1,-1
227,1814,1156,193,137,87,-1,-1
228,1821,1691,241,114,104,-1,-1
228,1825,1560,243,138,112,-1,-1
228,1830,1743,113,97,48,-1,-1
228,1832,1213,240,199,139,-1,-1
228,1833,1456,325,251,175,-1,-1
228,1814,1167,193,135,88,-1,-1
229,1821,1691,241,114,104,-1,-1
229,1825,1559,242,139,112,-1,-1
229,1830,1743,113,97,48,-1,-1
229,1832,1230,238,199,137,-1,-1
229,1833,1456,325,250,175,-1,-1
229,1814,1178,193,134,90,-1,-1
230,1821,1691,241,114,104,-1,-1
230,1825,1558,242,140,113,-1,-1
230,1830,1743,113,97,48,-1,-1
230,1832,1247,236,199,137,-1,-1
230,1833,1456,325,250,175,-1,-1
230,1814,1187,194,133,92,-1,-1
231,1821,1691,241,114,104,-1,-1
231,1825,1557,242,141,113,-1,-1
231,1830,1743,113,97,48,-1,-1
231,1832,1265,235,199,136,-1,-1
231,1833,1457,325,250,175,-1,-1
231,1814,1196,195,132,94,-1,-1
232,1821,1691,241,114,104,-1,-1
232,1825,1556,241,142,113,-1,-1
232,1830,1743,113,97,48,-1,-1
232,1832,1283,234,198,133,-1,-1
232,1833,1457,325,250,175,-1,-1
232,1814,1204,195,131,96,-1,-1
233,1821,1691,241,114,104,-1,-1
233,1825,1556,241,142,114,-1,-1
233,1830,1743,113,97,48,-1,-1
233,1832,1301,232,194,131,-1,-1
233,1833,1456,325,250,175,-1,-1
233,1814,1211,196,130,98,-1,-1
234,1821,1691,241,114,104,-1,-1
234,1825,1554,241,144,114,-1,-1
234,1830,1743,113,97,48,-1,-1
234,1832,1320,232,188,129,-1,-1
234,1833,1456,325,251,175,-1,-1
234,1814,1216,197,129,99,-1,-1
235,1821,1691,241,114,104,-1,-1
235,1825,1551,240,147,114,-1,-1
235,1830,1743,113,97,48,-1,-1
235,1832,1338,231,179,127,-1,-1
235,1833,1456,325,251,175,-1,-1
235,1814,1221,198,129,101,-1,-1
236,1821,1691,241,114,104,-1,-1
236,1825,1546,240,152,115,-1,-1
236,1830,1743,113,97,48,-1,-1
236,1832,1356,231,171,124,-1,-1
236,1833,1456,325,251,175,-1,-1
236,1814,1225,199,128,103,-1,-1
237,1821,1691,241,114,104,-1,-1
237,1825,1538,239,160,115,-1,-1
237,1830,1743,113,97,48,-1,-1
237,1832,1374,231,166,121,-1,-1
237,1833,1455,325,252,175,-1,-1
237,1814,1227,200,129,105,-1,-1
238,1821,1691,241,114,104,-1,-1
238,1825,1529,239,169,116,-1,-1
238,1830,1743,113,97,48,-1,-1
238,1832,1391,231,166,117,-1,-1
238,1833,1455,325,252,175,-1,-1
238,1814,1228,201,129,107,-1,-1
239,1821,1691,241,115,104,-1,-1
239,1825,1520,239,178,116,-1,-1
239,1830,1743,113,97,48,-1,-1
239,1832,1408,231,173,114,-1,-1
239,1833,1455,325,252,176,-1,-1
239,1814,1228,202,130,108,-1,-1
240,1821,1691,241,115,104,-1,-1
240,1825,1511,238,186,116,-1,-1
240,1830,1743,113,97,48,-1,-1
240,1832,1425,231,189,114,-1,-1
240,1833,1455,325,252,176,-1,-1
240,1814,1226,204,132,110,-1,-1
241,1821,1691,241,115,104,-1,-1
241,1825,1504,238,193,117,-1,-1
241,1830,1743,113,97,48,-1,-1
241,1832,1441,230,211,116,-1,-1
241,1833,1455,325,252,176,-1,-1
241,1814,1222,205,134,111,-1,-1
242,1821,1691,241,115,104,-1,-1
242,1825,1500,238,198,117,-1,-1
242,1830,1743,113,97,48,-1,-1
242,1832,1456,229,237,119,-1,-1
242,1833,1455,325,252,176,-1,-1
242,1814,1216,206,137,112,-1,-1
243,1821,1691,241,115,104,-1,-1
243,1825,1498,237,200,117,-1,-1
243,1830,1743,113,97,48,-1,-1
243,1833,1455,325,252,176,-1,-1
243,1814,1209,207,140,114,-1,-1
244,1821,1691,241,115,104,-1,-1
244,1825,1501,237,197,118,-1,-1
244,1830,1743,113,97,48,-1,-1
244,1833,1455,325,252,176,-1,-1
244,1814,1200,209,144,115,-1,-1
245,1821,1691,241,115,104,-1,-1
245,1825,1509,237,189,118,-1,-1
245,1830,1743,113,97,48,-1,-1
245,1833,1455,324,252,176,-1,-1
245,1814,1190,210,148,116,-1,-1
246,1821,1691,241,115,104,-1,-1
246,1825,1523,236,175,118,-1,-1
246,1830,1743,113,97,48,-1,-1
246,1833,1455,324,252,176,-1,-1
246,1814,1179,211,152,117,-1,-1
247,1821,1691,241,115,104,-1,-1
247,1825,1539,236,159,119,-1,-1
247,1830,1743,113,97,48,-1,-1
247,1833,1455,324,252,176,-1,-1
247,1814,1166,212,157,118,-1,-1
248,1821,1691,241,115,104,-1,-1
248,1825,1553,236,145,119,-1,-1
248,1830,1743,113,97,48,-1,-1
248,1833,1455,324,252,176,-1,-1
248,1814,1152,213,162,119,-1,-1
249,1821,1691,241,115,104,-1,-1
249,1825,1563,236,135,119,-1,-1
249,1830,1743,113,97,48,-1,-1
249,1833,1455,324,252,176,-1,-1
249,1814,1138,215,166,121,-1,-1
250,1821,1691,241,115,104,-1,-1
250,1825,1569,236,129,119,-1,-1
250,1830,1743,113,97,48,-1,-1
250,1833,1455,324,252,176,-1,-1
250,1814,1122,216,171,122,-1,-1
251,1821,1691,241,115,104,-1,-1
251,1825,1570,236,128,119,-1,-1
251,1830,1743,113,97,48,-1,-1
251,1833,1455,324,252,176,-1,-1
251,1814,1107,217,176,123,-1,-1
252,1821,1691,241,115,104,-1,-1
252,1825,1569,236,129,119,-1,-1
252,1830,1743,113,97,48,-1,-1
252,1833,1456,324,252,176,-1,-1
252,1814,1091,218,180,125,-1,-1
253,1821,1691,241,115,104,-1,-1
253,1825,1568,236,130,119,-1,-1
253,1830,1743,113,97,48,-1,-1
253,1833,1456,324,251,176,-1,-1
253,1814,1074,219,184,126,-1,-1
254,1821,1691,241,115,104,-1,-1
254,1825,1566,236,132,119,-1,-1
254,1830,1743,113,97,48,-1,-1
254,1833,1456,324,251,177,-1,-1
254,1814,1058,220,188,128,-1,-1
255,1821,1691,241,115,104,-1,-1
255,1825,1565,236,133,119,-1,-1
255,1830,1743,113,97,48,-1,-1
255,1833,1456,324,251,177,-1,-1
255,1814,1042,222,192,130,-1,-1
256,1821,1691,241,115,104,-1,-1
256,1825,1565,236,133,119,-1,-1
256,1830,1743,113,97,48,-1,-1
256,1833,1456,324,251,177,-1,-1
256,1814,1025,223,196,132,-1,-1
257,1821,1691,241,115,104,-1,-1
257,1825,1565,236,133,119,-1,-1
257,1830,1743,113,97,48,-1,-1
257,1833,1456,324,251,177,-1,-1
257,1814,1009,224,199,134,-1,-1
258,1821,1691,241,115,104,-1,-1
258,1825,1565,236,133,119,-1,-1
258,1830,1743,113,97,48,-1,-1
258,1833,1456,324,251,177,-1,-1
258,1814,993,225,202,136,-1,-1
259,1821,1691,241,115,104,-1,-1
259,1825,1565,236,133,118,-1,-1
259,1830,1743,113,97,48,-1,-1
259,1833,1456,324,251,177,-1,-1
259,1814,976,226,204,138,-1,-1
260,1821,1691,241,115,104,-1,-1
260,1825,1565,237,133,118,-1,-1
260,1830,1743,113,97,48,-1,-1
260,1833,1456,324,251,177,-1,-1
260,1814,961,228,206,141,-1,-1
261,1821,1691,241,115,104,-1,-1
261,1825,1565,237,133,118,-1,-1
261,1830,1743,113,97,48,-1,-1
261,1833,1456,324,251,177,-1,-1
261,1814,945,229,208,143,-1,-1
262,1821,1691,241,115,104,-1,-1
262,1825,1565,237,133,118,-1,-1
262,1830,1743,113,97,48,-1,-1
262,1833,1456,324,251,177,-1,-1
262,1814,930,230,210,146,-1,-1
263,1821,1691,241,115,104,-1,-1
263,1825,1564,237,134,117,-1,-1
263,1830,1743,113,97,48,-1,-1
263,1833,1456,324,251,177,-1,-1
263,1814,915,232,211,148,-1,-1
264,1821,1691,241,115,104,-1,-1
264,1825,1563,238,135,117,-1,-1
264,1830,1743,113,97,48,-1,-1
264,1833,1456,324,251,177,-1,-1
264,1814,900,233,212,151,-1,-1
265,1821,1691,241,115,104,-1,-1
265,1825,1562,238,136,117,-1,-1
265,1830,1743,113,97,48,-1,-1
265,1833,1456,324,251,177,-1,-1
265,1814,886,235,213,153,-1,-1
266,1821,1691,241,115,104,-1,-1
266,1825,1560,238,137,117,-1,-1
266,1830,1743,113,97,48,-1,-1
266,1833,1456,324,251,177,-1,-1
266,1814,872,237,213,156,-1,-1
267,1821,1691,241,115,104,-1,-1
267,1825,1559,238,138,116,-1,-1
267,1830,1743,113,97,48,-1,-1
267,1833,1456,324,251,177,-1,-1
267,1814,859,238,214,159,-1,-1
268,1821,1691,241,115,104,-1,-1
268,1825,1558,239,140,116,-1,-1
268,1830,1743,113,97,48,-1,-1
268,1833,1456,324,252,178,-1,-1
268,1814,846,240,215,162,-1,-1
269,1821,1691,241,115,104,-1,-1
269,1825,1556,239,141,116,-1,-1
269,1830,1743,113,97,48,-1,-1
269,1833,1456,323,252,178,-1,-1
269,1814,833,242,216,165,-1,-1
269,1835,1482,184,114,85,-1,-1
270,1821,1691,241,115,104,-1,-1
270,1825,1554,239,143,116,-1,-1
270,1830,1743,113,97,48,-1,-1
270,1833,1456,323,252,178,-1,-1
270,1814,821,244,217,169,-1,-1
270,1835,1464,183,117,85,-1,-1
271,1821,1691,241,115,104,-1,-1
271,1825,1553,239,145,116,-1,-1
271,1830,1743,113,97,48,-1,-1
271,1833,1455,323,252,178,-1,-1
271,1814,809,246,218,172,-1,-1
271,1835,1446,182,120,85,-1,-1
272,1821,1691,241,115,104,-1,-1
272,1825,1552,239,145,115,-1,-1
272,1830,1743,113,97,48,-1,-1
272,1833,1455,323,252,178,-1,-1
272,1814,798,248,219,176,-1,-1
272,1835,1427,181,123,86,-1,-1
273,1821,1691,241,115,104,-1,-1
273,1825,1553,240,145,115,-1,-1
273,1830,1743,113,97,48,-1,-1
273,1833,1456,323,252,178,-1,-1
273,1814,788,250,220,180,-1,-1
273,1835,1409,179,127,86,-1,-1
274,1821,1691,241,115,104,-1,-1
274,1825,1554,240,144,115,-1,-1
274,1830,1743,113,97,48,-1,-1
274,1833,1456,323,252,178,-1,-1
274,1814,778,252,220,184,-1,-1
274,1835,1391,178,130,86,-1,-1
275,1821,1691,241,115,104,-1,-1
275,1825,1555,240,143,115,-1,-1
275,1830,1743,113,97,48,-1,-1
275,1833,1456,323,251,178,-1,-1
275,1814,769,255,221,188,-1,-1
275,1835,1372,177,133,86,-1,-1
276,1821,1691,241,115,104,-1,-1
276,1825,1555,240,142,115,-1,-1
276,1830,1743,113,97,48,-1,-1
276,1833,1457,323,251,178,-1,-1
276,1814,760,257,221,192,-1,-1
276,1835,1354,176,137,87,-1,-1
277,1821,1691,241,115,104,-1,-1
277,1825,1556,240,142,115,-1,-1
277,1830,1743,113,97,48,-1,-1
277,1833,1457,323,250,178,-1,-1
277,1814,753,259,221,196,-1,-1
277,1835,1336,175,140,87,-1,-1
278,1821,1691,241,115,104,-1,-1
278,1825,1557,240,141,115,-1,-1
278,1830,1743,113,97,48,-1,-1
278,1833,1458,323,250,178,-1,-1
278,1814,746,261,221,200,-1,-1
278,1835,1317,174,143,87,-1,-1
279,1821,1691,241,115,104,-1,-1
279,1825,1558,240,140,115,-1,-1
279,1830,1743,113,97,48,-1,-1
279,1833,1458,323,250,178,-1,-1
279,1814,739,263,220,204,-1,-1
279,1835,1299,173,146,88,-1,-1
280,1821,1691,241,115,104,-1,-1
280,1825,1559,240,139,115,-1,-1
280,1830,1743,113,97,48,-1,-1
280,1833,1458,323,250,178,-1,-1
280,1814,734,265,220,208,-1,-1
280,1835,1281,172,150,88,-1,-1
281,1821,1691,241,115,104,-1,-1
281,1825,1560,240,138,115,-1,-1
281,1830,1743,113,97,48,-1,-1
281,1833,1457,323,250,178,-1,-1
281,1814,729,267,219,211,-1,-1
281,1835,1263,171,153,88,-1,-1
