1,1837,2467,1363,84,59,-1,-1
1,1840,1713,1177,218,119,-1,-1
2,1837,2467,1363,84,59,-1,-1
2,1840,1713,1177,218,119,-1,-1
3,1837,2467,1363,84,59,-1,-1
3,1840,1713,1177,218,119,-1,-1
4,1837,2467,1363,84,59,-1,-1
4,1840,1713,1177,218,119,-1,-1
5,1837,2467,1363,84,59,-1,-1
5,1840,1713,1177,218,119,-1,-1
6,1837,2467,1363,84,59,-1,-1
6,1840,1713,1177,218,119,-1,-1
7,1837,2467,1363,84,59,-1,-1
7,1840,1713,1177,218,119,-1,-1
8,1837,2467,1363,84,59,-1,-1
8,1840,1713,1177,218,119,-1,-1
9,1837,2467,1363,84,59,-1,-1
9,1840,1713,1177,218,119,-1,-1
10,1837,2467,1363,84,59,-1,-1
10,1840,1713,1177,218,119,-1,-1
11,1837,2468,1363,84,59,-1,-1
11,1840,1713,1177,218,119,-1,-1
12,1837,2468,1363,84,59,-1,-1
12,1840,1713,1177,218,119,-1,-1
13,1837,2468,1363,84,59,-1,-1
13,1840,1713,1177,218,119,-1,-1
14,1837,2468,1363,84,59,-1,-1
14,1840,1713,1177,218,119,-1,-1
15,1837,2468,1363,84,59,-1,-1
15,1840,1713,1177,218,119,-1,-1
16,1837,2468,1363,83,59,-1,-1
16,1840,1713,1177,218,119,-1,-1
17,1837,2468,1363,83,59,-1,-1
17,1840,1713,1177,218,119,-1,-1
18,1837,2468,1363,83,59,-1,-1
18,1840,1713,1177,218,119,-1,-1
19,1837,2468,1363,83,59,-1,-1
19,1840,1713,1177,218,119,-1,-1
20,1837,2468,1363,83,59,-1,-1
20,1840,1713,1177,218,119,-1,-1
21,1837,2468,1363,83,59,-1,-1
21,1840,1713,1177,218,119,-1,-1
22,1837,2468,1363,83,59,-1,-1
22,1840,1713,1177,218,119,-1,-1
23,1837,2468,1363,83,59,-1,-1
23,1840,1713,1177,218,119,-1,-1
24,1837,2468,1363,83,59,-1,-1
24,1840,1713,1177,218,119,-1,-1
25,1837,2468,1363,83,59,-1,-1
25,1840,1713,1177,218,119,-1,-1
26,1837,2468,1363,83,59,-1,-1
26,1840,1713,1177,218,119,-1,-1
27,1837,2468,1363,83,59,-1,-1
27,1840,1713,1177,218,119,-1,-1
28,1837,2468,1363,83,59,-1,-1
28,1840,1713,1177,218,119,-1,-1
29,1837,2468,1363,83,59,-1,-1
29,1840,1713,1177,218,119,-1,-1
30,1837,2468,1363,83,59,-1,-1
30,1840,1713,1177,218,119,-1,-1
31,1837,2468,1363,83,59,-1,-1
31,1840,1713,1177,218,119,-1,-1
32,1837,2468,1363,83,59,-1,-1
32,1840,1713,1177,218,119,-1,-1
33,1837,2468,1363,83,58,-1,-1
33,1840,1713,1177,218,119,-1,-1
34,1837,2468,1363,83,58,-1,-1
34,1840,1713,1177,218,119,-1,-1
35,1837,2468,1363,83,58,-1,-1
35,1840,1713,1177,218,119,-1,-1
36,1837,2468,1363,83,58,-1,-1
36,1840,1713,1177,218,119,-1,-1
37,1837,2468,1363,83,58,-1,-1
37,1840,1713,1177,217,119,-1,-1
38,1837,2468,1363,83,58,-1,-1
38,1840,1713,1177,217,119,-1,-1
39,1837,2468,1363,83,58,-1,-1
39,1840,1713,1177,217,119,-1,-1
40,1837,2468,1363,83,58,-1,-1
40,1840,1713,1177,217,119,-1,-1
41,1837,2468,1363,83,58,-1,-1
41,1840,1713,1177,217,119,-1,-1
42,1837,2468,1363,83,58,-1,-1
42,1840,1713,1177,217,119,-1,-1
43,1837,2468,1363,83,58,-1,-1
43,1840,1713,1177,217,119,-1,-1
44,1837,2468,1363,83,58,-1,-1
44,1840,1713,1177,217,119,-1,-1
45,1837,2468,1363,83,58,-1,-1
45,1840,1713,1177,217,119,-1,-1
46,1837,2468,1363,83,58,-1,-1
46,1840,1713,1177,217,119,-1,-1
47,1837,2468,1363,83,58,-1,-1
47,1840,1713,1177,217,119,-1,-1
48,1837,2468,1363,83,58,-1,-1
48,1840,1713,1177,217,119,-1,-1
49,1837,2468,1363,83,58,-1,-1
49,1840,1713,1177,217,119,-1,-1
50,1837,2468,1363,83,58,-1,-1
50,1840,1713,1177,217,119,-1,-1
51,1837,2468,1363,83,58,-1,-1
51,1840,1713,1177,217,119,-1,-1
52,1837,2468,1363,83,58,-1,-1
52,1840,1713,1177,217,119,-1,-1
53,1837,2468,1363,83,58,-1,-1
53,1840,1713,1177,217,119,-1,-1
54,1837,2468,1363,83,58,-1,-1
54,1840,1713,1177,217,119,-1,-1
55,1837,2468,1363,83,58,-1,-1
55,1840,1713,1177,217,119,-1,-1
56,1837,2468,1363,83,58,-1,-1
56,1840,1713,1177,217,119,-1,-1
57,1837,2468,1363,83,58,-1,-1
57,1840,1713,1177,217,119,-1,-1
58,1837,2468,1363,83,58,-1,-1
58,1840,1713,1177,217,119,-1,-1
59,1837,2468,1363,83,58,-1,-1
59,1840,1713,1177,217,119,-1,-1
60,1837,2468,1363,83,58,-1,-1
60,1840,1713,1177,217,119,-1,-1
61,1837,2469,1363,82,58,-1,-1
61,1840,1713,1177,217,119,-1,-1
62,1837,2469,1363,82,58,-1,-1
62,1840,1713,1177,217,119,-1,-1
63,1837,2469,1363,82,58,-1,-1
63,1840,1713,1177,217,119,-1,-1
64,1837,2469,1363,82,58,-1,-1
64,1840,1713,1177,217,119,-1,-1
65,1837,2469,1363,82,58,-1,-1
65,1840,1713,1177,217,119,-1,-1
66,1837,2469,1363,82,58,-1,-1
66,1840,1713,1177,217,119,-1,-1
67,1837,2469,1363,82,58,-1,-1
67,1840,1713,1177,217,119,-1,-1
68,1837,2469,1363,82,58,-1,-1
68,1840,1713,1177,217,119,-1,-1
69,1837,2469,1363,82,58,-1,-1
69,1840,1713,1177,217,119,-1,-1
70,1837,2469,1363,82,58,-1,-1
70,1840,1713,1177,217,119,-1,-1
71,1837,2469,1363,82,58,-1,-1
71,1840,1713,1177,217,119,-1,-1
72,1837,2469,1363,82,58,-1,-1
72,1840,1713,1177,217,119,-1,-1
73,1837,2469,1363,82,58,-1,-1
73,1840,1713,1177,217,119,-1,-1
74,1837,2469,1363,82,58,-1,-1
74,1840,1713,1177,217,119,-1,-1
75,1837,2469,1363,82,58,-1,-1
75,1840,1713,1177,217,119,-1,-1
76,1837,2469,1363,82,58,-1,-1
76,1840,1713,1177,217,119,-1,-1
77,1837,2469,1363,82,58,-1,-1
77,1840,1713,1177,217,119,-1,-1
78,1837,2469,1363,82,58,-1,-1
78,1840,1713,1177,217,119,-1,-1
79,1836,2439,1363,125,82,-1,-1
79,1837,2469,1363,82,58,-1,-1
79,1840,1713,1177,217,119,-1,-1
80,1836,2426,1359,124,83,-1,-1
80,1837,2469,1363,82,58,-1,-1
80,1840,1713,1177,217,119,-1,-1
81,1836,2412,1356,124,83,-1,-1
81,1837,2469,1363,82,58,-1,-1
81,1840,1713,1177,217,119,-1,-1
82,1836,2398,1353,124,84,-1,-1
82,1837,2469,1363,82,58,-1,-1
82,1840,1713,1177,217,119,-1,-1
83,1836,2385,1350,124,85,-1,-1
83,1837,2469,1363,82,58,-1,-1
83,1840,1713,1177,217,119,-1,-1
84,1836,2371,1347,123,85,-1,-1
84,1837,2469,1363,82,58,-1,-1
84,1840,1713,1177,217,119,-1,-1
85,1836,2358,1344,123,86,-1,-1
85,1837,2469,1363,82,58,-1,-1
85,1840,1713,1177,217,119,-1,-1
86,1836,2344,1341,123,87,-1,-1
86,1837,2469,1363,82,58,-1,-1
86,1840,1713,1177,217,119,-1,-1
87,1836,2331,1338,122,87,-1,-1
87,1837,2469,1363,82,58,-1,-1
87,1840,1713,1177,217,119,-1,-1
88,1836,2317,1335,122,88,-1,-1
88,1837,2469,1363,82,58,-1,-1
88,1840,1713,1177,217,119,-1,-1
89,1836,2304,1332,122,88,-1,-1
89,1837,2469,1363,82,58,-1,-1
89,1840,1713,1177,217,119,-1,-1
90,1836,2290,1329,122,89,-1,-1
90,1837,2469,1363,82,58,-1,-1
90,1840,1713,1177,217,119,-1,-1
91,1836,2277,1326,121,90,-1,-1
91,1837,2469,1364,82,58,-1,-1
91,1840,1713,1177,217,119,-1,-1
92,1836,2263,1322,121,90,-1,-1
92,1837,2469,1364,82,58,-1,-1
92,1840,1713,1177,217,119,-1,-1
93,1836,2250,1319,121,91,-1,-1
93,1837,2469,1364,82,58,-1,-1
93,1840,1713,1177,217,119,-1,-1
94,1836,2236,1316,120,92,-1,-1
94,1837,2469,1364,82,58,-1,-1
94,1840,1713,1177,217,119,-1,-1
95,1836,2223,1313,120,92,-1,-1
95,1837,2469,1364,82,58,-1,-1
95,1840,1713,1177,217,119,-1,-1
96,1836,2209,1310,120,93,-1,-1
96,1837,2469,1364,82,58,-1,-1
96,1809,2188,1298,120,91,-1,-1
96,1840,1713,1177,217,119,-1,-1
97,1837,2469,1364,82,58,-1,-1
97,1809,2150,1289,132,96,-1,-1
97,1840,1713,1177,217,119,-1,-1
98,1837,2469,1364,82,58,-1,-1
98,1809,2112,1280,143,102,-1,-1
98,1840,1713,1177,217,119,-1,-1
99,1837,2469,1364,82,58,-1,-1
99,1809,2074,1271,155,108,-1,-1
99,1840,1713,1177,217,119,-1,-1
100,1837,2469,1364,82,58,-1,-1
100,1809,2036,1262,167,113,-1,-1
100,1840,1713,1177,217,119,-1,-1
101,1837,2469,1364,82,58,-1,-1
101,1809,1998,1254,178,119,-1,-1
101,1840,1713,1177,217,119,-1,-1
102,1837,2469,1364,82,58,-1,-1
102,1809,1960,1245,190,124,-1,-1
102,1840,1713,1177,217,119,-1,-1
103,1837,2469,1364,82,58,-1,-1
103,1809,1922,1236,201,130,-1,-1
103,1840,1713,1177,217,119,-1,-1
104,1837,2469,1364,82,58,-1,-1
104,1809,1884,1227,213,135,-1,-1
104,1840,1713,1177,217,119,-1,-1
105,1837,2469,1364,82,58,-1,-1
105,1809,1846,1218,225,141,-1,-1
105,1840,1713,1177,217,119,-1,-1
106,1837,2469,1364,82,58,-1,-1
106,1809,1808,1209,236,146,-1,-1
106,1840,1713,1177,217,119,-1,-1
107,1837,2469,1364,81,58,-1,-1
107,1809,1770,1200,248,152,-1,-1
107,1840,1713,1177,217,119,-1,-1
108,1837,2469,1364,81,58,-1,-1
108,1809,1732,1191,260,157,-1,-1
108,1840,1713,1177,217,119,-1,-1
109,1837,2470,1364,81,58,-1,-1
109,1809,1694,1183,271,163,-1,-1
109,1839,46,1291,1037,551,-1,-1
109,1840,1713,1177,217,119,-1,-1
110,1837,2470,1364,81,58,-1,-1
110,1809,1656,1174,283,168,-1,-1
110,1839,199,1287,961,515,-1,-1
110,1840,1713,1177,217,119,-1,-1
111,1837,2470,1364,81,58,-1,-1
111,1809,1617,1165,294,174,-1,-1
111,1839,353,1284,886,478,-1,-1
111,1840,1713,1177,217,119,-1,-1
112,1837,2470,1364,81,57,-1,-1
112,1809,1579,1156,306,180,-1,-1
112,1839,506,1280,810,441,-1,-1
112,1840,1713,1177,217,119,-1,-1
113,1837,2470,1364,81,57,-1,-1
113,1809,1541,1147,318,185,-1,-1
113,1839,660,1276,735,404,-1,-1
113,1840,1713,1177,217,119,-1,-1
114,1837,2470,1364,81,57,-1,-1
114,1809,1503,1138,329,191,-1,-1
114,1839,813,1272,659,368,-1,-1
114,1840,1713,1177,217,119,-1,-1
115,1837,2470,1364,81,57,-1,-1
115,1809,1465,1129,341,196,-1,-1
115,1839,967,1268,584,331,-1,-1
115,1840,1713,1177,217,119,-1,-1
116,1837,2470,1364,81,57,-1,-1
116,1809,1427,1121,353,202,-1,-1
116,1839,1121,1264,508,294,-1,-1
116,1840,1713,1177,217,119,-1,-1
117,1837,2470,1364,81,57,-1,-1
117,1839,1274,1261,433,257,-1,-1
117,1840,1713,1177,217,119,-1,-1
117,1809,1378,1109,291,183,-1,-1
118,1837,2470,1364,81,57,-1,-1
118,1839,1428,1257,357,221,-1,-1
118,1840,1713,1177,217,119,-1,-1
118,1809,1275,1098,336,207,-1,-1
119,1837,2470,1364,81,57,-1,-1
119,1840,1713,1177,217,119,-1,-1
119,1809,1171,1087,410,231,-1,-1
119,1839,1392,1275,379,229,-1,-1
120,1837,2470,1364,81,57,-1,-1
120,1840,1713,1177,217,119,-1,-1
120,1809,1067,1075,490,255,-1,-1
120,1839,1453,1278,348,213,-1,-1
121,1837,2470,1364,81,57,-1,-1
121,1840,1713,1177,217,119,-1,-1
121,1809,964,1064,547,279,-1,-1
121,1839,1513,1282,321,190,-1,-1
122,1837,2470,1364,81,57,-1,-1
122,1840,1713,1177,217,119,-1,-1
122,1809,860,1053,583,303,-1,-1
122,1839,1570,1285,300,167,-1,-1
123,1837,2470,1364,81,57,-1,-1
123,1840,1713,1177,216,119,-1,-1
123,1809,756,1042,634,327,-1,-1
123,1839,1624,1289,285,152,-1,-1
124,1837,2470,1364,81,57,-1,-1
124,1840,1713,1177,216,119,-1,-1
124,1809,653,1030,680,351,-1,-1
124,1839,1673,1293,275,147,-1,-1
125,1837,2470,1364,81,57,-1,-1
125,1840,1713,1177,216,119,-1,-1
125,1809,549,1019,721,375,-1,-1
125,1839,1719,1296,268,149,-1,-1
126,1837,2470,1364,81,57,-1,-1
126,1840,1713,1177,216,119,-1,-1
126,1809,445,1008,763,399,-1,-1
126,1839,1762,1300,262,153,-1,-1
127,1837,2470,1364,81,57,-1,-1
127,1840,1713,1177,216,119,-1,-1
127,1809,342,997,784,423,-1,-1
127,1839,1801,1304,257,153,-1,-1
128,1837,2470,1364,81,57,-1,-1
128,1840,1713,1177,216,119,-1,-1
128,1809,238,985,789,447,-1,-1
128,1839,1838,1307,251,150,-1,-1
129,1837,2470,1364,81,57,-1,-1
129,1840,1713,1177,216,119,-1,-1
129,1809,134,974,790,471,-1,-1
129,1839,1873,1311,243,144,-1,-1
130,1837,2470,1364,81,57,-1,-1
130,1840,1713,1177,216,119,-1,-1
130,1809,31,963,767,495,-1,-1
130,1839,1906,1314,233,139,-1,-1
131,1837,2470,1364,81,57,-1,-1
131,1840,1713,1177,216,119,-1,-1
131,1809,-73,951,700,519,-1,-1
131,1839,1939,1318,220,134,-1,-1
132,1837,2470,1364,81,57,-1,-1
132,1840,1713,1177,216,119,-1,-1
132,1809,-177,940,617,543,-1,-1
132,1839,1972,1322,205,130,-1,-1
133,1837,2470,1364,81,57,-1,-1
133,1840,1714,1177,216,119,-1,-1
133,1839,2004,1325,190,124,-1,-1
134,1837,2470,1364,81,57,-1,-1
134,1840,1714,1177,216,119,-1,-1
134,1839,2036,1329,177,118,-1,-1
135,1837,2470,1364,81,57,-1,-1
135,1840,1714,1177,216,119,-1,-1
135,1839,2069,1332,169,112,-1,-1
136,1837,2470,1364,81,57,-1,-1
136,1840,1714,1177,216,119,-1,-1
136,1839,2100,1336,164,109,-1,-1
137,1837,2470,1364,81,57,-1,-1
137,1840,1714,1177,216,119,-1,-1
137,1839,2129,1340,161,111,-1,-1
138,1837,2470,1364,81,57,-1,-1
138,1840,1714,1177,216,119,-1,-1
138,1839,2156,1343,160,113,-1,-1
139,1837,2470,1364,81,57,-1,-1
139,1840,1714,1177,216,119,-1,-1
139,1839,2181,1347,159,115,-1,-1
140,1837,2470,1364,81,57,-1,-1
140,1840,1714,1177,216,119,-1,-1
140,1839,2202,1351,160,113,-1,-1
141,1837,2470,1364,81,57,-1,-1
141,1840,1714,1177,216,119,-1,-1
141,1839,2222,1354,160,111,-1,-1
142,1837,2470,1364,81,57,-1,-1
142,1840,1714,1177,216,119,-1,-1
142,1839,2241,1358,160,108,-1,-1
143,1837,2470,1364,81,57,-1,-1
143,1840,1714,1177,216,119,-1,-1
143,1839,2261,1361,158,106,-1,-1
144,1837,2470,1364,81,57,-1,-1
144,1840,1714,1177,216,119,-1,-1
144,1839,2281,1365,154,105,-1,-1
145,1837,2470,1364,81,57,-1,-1
145,1840,1714,1177,216,119,-1,-1
145,1839,2302,1369,149,104,-1,-1
146,1837,2470,1364,81,57,-1,-1
146,1840,1714,1177,216,119,-1,-1
146,1839,2322,1372,145,104,-1,-1
147,1837,2470,1364,81,57,-1,-1
147,1840,1714,1177,216,119,-1,-1
147,1839,2342,1376,142,104,-1,-1
148,1837,2470,1364,81,57,-1,-1
148,1840,1714,1177,216,119,-1,-1
148,1839,2361,1380,140,104,-1,-1
149,1837,2470,1364,81,57,-1,-1
149,1840,1714,1177,216,119,-1,-1
149,1839,2379,1383,138,103,-1,-1
150,1840,1714,1177,216,119,-1,-1
150,1839,2395,1387,135,102,-1,-1
151,1840,1714,1177,216,119,-1,-1
151,1839,2411,1390,130,98,-1,-1
152,1840,1714,1177,216,119,-1,-1
152,1839,2427,1394,124,94,-1,-1
153,1840,1714,1177,216,119,-1,-1
153,1839,2444,1398,118,89,-1,-1
154,1840,1714,1177,216,119,-1,-1
155,1840,1714,1177,216,119,-1,-1
156,1840,1714,1177,216,119,-1,-1
157,1840,1714,1177,216,119,-1,-1
158,1840,1714,1177,216,119,-1,-1
159,1840,1714,1177,216,119,-1,-1
160,1840,1714,1177,216,119,-1,-1
161,1840,1714,1177,216,119,-1,-1
162,1840,1714,1177,216,119,-1,-1
163,1840,1714,1177,216,118,-1,-1
164,1840,1714,1177,216,118,-1,-1
165,1840,1714,1177,216,118,-1,-1
166,1840,1714,1177,216,118,-1,-1
167,1840,1714,1177,216,118,-1,-1
168,1840,1714,1177,216,118,-1,-1
169,1840,1714,1177,216,118,-1,-1
170,1840,1714,1177,216,118,-1,-1
171,1840,1714,1177,216,118,-1,-1
172,1840,1714,1177,216,118,-1,-1
173,1840,1714,1177,216,118,-1,-1
174,1840,1714,1177,216,118,-1,-1
175,1840,1714,1177,216,118,-1,-1
176,1840,1714,1177,216,118,-1,-1
177,1840,1714,1177,216,118,-1,-1
178,1840,1714,1177,216,118,-1,-1
179,1840,1714,1177,216,118,-1,-1
180,1840,1714,1177,216,118,-1,-1
181,1840,1714,1177,216,118,-1,-1
182,1840,1714,1177,216,118,-1,-1
182,1843,2391,1352,128,85,-1,-1
182,1845,2467,1365,84,56,-1,-1
183,1840,1714,1177,216,118,-1,-1
183,1843,2379,1349,126,85,-1,-1
183,1845,2467,1365,84,56,-1,-1
184,1840,1714,1177,216,118,-1,-1
184,1843,2366,1347,125,84,-1,-1
184,1845,2467,1365,84,56,-1,-1
185,1840,1714,1177,216,118,-1,-1
185,1843,2354,1345,123,83,-1,-1
185,1845,2467,1365,84,56,-1,-1
186,1840,1714,1177,216,118,-1,-1
186,1843,2342,1342,122,82,-1,-1
186,1845,2467,1365,84,56,-1,-1
187,1840,1714,1177,216,118,-1,-1
187,1843,2330,1340,121,82,-1,-1
187,1845,2467,1365,84,56,-1,-1
188,1840,1714,1177,216,118,-1,-1
188,1843,2317,1337,119,81,-1,-1
188,1845,2467,1364,84,56,-1,-1
189,1840,1714,1177,216,118,-1,-1
189,1843,2305,1335,118,80,-1,-1
189,1845,2467,1364,84,56,-1,-1
190,1840,1714,1177,216,118,-1,-1
190,1843,2293,1333,116,80,-1,-1
190,1845,2467,1364,84,56,-1,-1
191,1840,1714,1177,216,118,-1,-1
191,1843,2281,1330,115,79,-1,-1
191,1845,2467,1364,84,56,-1,-1
192,1840,1714,1177,216,118,-1,-1
192,1843,2268,1328,113,78,-1,-1
192,1845,2467,1364,84,57,-1,-1
193,1840,1714,1177,216,118,-1,-1
193,1843,2256,1325,112,77,-1,-1
193,1845,2467,1364,84,57,-1,-1
194,1840,1714,1177,216,118,-1,-1
194,1843,2244,1323,110,77,-1,-1
194,1845,2467,1364,84,57,-1,-1
195,1840,1714,1177,216,118,-1,-1
195,1843,2232,1321,109,76,-1,-1
195,1845,2467,1364,84,57,-1,-1
196,1840,1714,1177,216,118,-1,-1
196,1843,2219,1318,107,75,-1,-1
196,1845,2467,1364,84,57,-1,-1
197,1840,1714,1177,216,118,-1,-1
197,1843,2207,1316,106,74,-1,-1
197,1845,2467,1364,84,57,-1,-1
198,1840,1714,1177,216,118,-1,-1
198,1814,2126,1311,101,68,-1,-1
198,1845,2467,1364,84,57,-1,-1
199,1840,1714,1177,216,118,-1,-1
199,1814,2102,1302,117,77,-1,-1
199,1845,2467,1364,84,57,-1,-1
200,1840,1714,1177,216,118,-1,-1
200,1814,2079,1294,136,85,-1,-1
200,1845,2467,1364,84,57,-1,-1
201,1840,1714,1177,216,118,-1,-1
201,1814,2056,1285,154,92,-1,-1
201,1845,2467,1364,84,57,-1,-1
202,1840,1714,1177,216,118,-1,-1
202,1814,2032,1277,170,98,-1,-1
202,1845,2467,1364,84,57,-1,-1
203,1840,1714,1177,216,118,-1,-1
203,1814,2007,1268,180,104,-1,-1
203,1845,2467,1364,84,57,-1,-1
204,1840,1714,1177,216,118,-1,-1
204,1814,1980,1260,186,110,-1,-1
204,1845,2467,1364,84,57,-1,-1
205,1840,1714,1177,216,118,-1,-1
205,1814,1952,1251,191,115,-1,-1
205,1845,2468,1364,84,57,-1,-1
206,1840,1714,1177,216,118,-1,-1
206,1814,1921,1243,199,121,-1,-1
206,1845,2468,1364,84,57,-1,-1
207,1840,1714,1177,216,118,-1,-1
207,1814,1889,1234,208,126,-1,-1
207,1845,2468,1364,84,57,-1,-1
208,1840,1714,1177,216,118,-1,-1
208,1814,1856,1226,216,131,-1,-1
208,1845,2468,1364,84,57,-1,-1
209,1840,1714,1177,216,118,-1,-1
209,1814,1821,1217,221,136,-1,-1
209,1845,2468,1364,84,57,-1,-1
210,1840,1714,1177,216,118,-1,-1
210,1814,1785,1208,225,140,-1,-1
210,1845,2468,1364,84,57,-1,-1
211,1840,1714,1177,215,118,-1,-1
211,1814,1747,1200,230,145,-1,-1
211,1845,2468,1364,84,57,-1,-1
212,1840,1714,1177,215,118,-1,-1
212,1814,1709,1191,242,149,-1,-1
212,1845,2468,1364,83,57,-1,-1
213,1840,1714,1177,215,118,-1,-1
213,1814,1670,1183,261,152,-1,-1
213,1845,2468,1364,83,57,-1,-1
214,1840,1714,1177,215,118,-1,-1
214,1814,1629,1174,283,156,-1,-1
214,1845,2468,1364,83,57,-1,-1
215,1840,1714,1177,215,118,-1,-1
215,1814,1587,1166,298,161,-1,-1
215,1845,2468,1364,83,57,-1,-1
216,1840,1714,1177,215,118,-1,-1
216,1814,1542,1157,301,165,-1,-1
216,1845,2468,1364,83,57,-1,-1
217,1840,1714,1177,215,118,-1,-1
217,1814,1494,1149,298,170,-1,-1
217,1845,2468,1364,83,57,-1,-1
218,1840,1714,1177,215,118,-1,-1
218,1814,1442,1140,301,176,-1,-1
218,1845,2468,1364,83,57,-1,-1
219,1840,1714,1177,215,118,-1,-1
219,1814,1384,1132,314,183,-1,-1
219,1845,2468,1364,83,57,-1,-1
220,1840,1714,1177,215,118,-1,-1
220,1814,1322,1123,333,190,-1,-1
220,1845,2468,1364,83,57,-1,-1
221,1840,1714,1177,215,118,-1,-1
221,1814,1254,1115,355,199,-1,-1
221,1845,2468,1364,83,57,-1,-1
222,1840,1714,1177,215,118,-1,-1
222,1814,1183,1106,376,208,-1,-1
222,1845,2468,1364,83,57,-1,-1
223,1840,1714,1177,215,118,-1,-1
223,1814,1105,1098,398,220,-1,-1
223,1845,2468,1364,83,57,-1,-1
224,1840,1714,1177,215,118,-1,-1
224,1814,1020,1089,425,233,-1,-1
224,1845,2468,1364,83,57,-1,-1
225,1840,1714,1177,215,118,-1,-1
225,1814,923,1081,462,248,-1,-1
225,1845,2468,1364,83,57,-1,-1
226,1840,1714,1177,215,118,-1,-1
226,1814,814,1072,511,264,-1,-1
226,1845,2468,1364,83,57,-1,-1
227,1840,1714,1177,215,118,-1,-1
227,1814,688,1063,567,282,-1,-1
227,1845,2468,1364,83,57,-1,-1
228,1840,1714,1177,215,118,-1,-1
228,1814,546,1055,627,301,-1,-1
228,1845,2468,1364,83,57,-1,-1
229,1840,1714,1177,215,118,-1,-1
229,1814,388,1046,690,321,-1,-1
229,1845,2468,1364,83,57,-1,-1
230,1840,1714,1177,215,118,-1,-1
230,1814,214,1038,760,342,-1,-1
230,1845,2468,1364,83,57,-1,-1
231,1840,1714,1177,215,118,-1,-1
231,1814,28,1029,841,364,-1,-1
231,1845,2468,1364,83,57,-1,-1
232,1840,1714,1177,215,118,-1,-1
232,1845,2468,1364,83,57,-1,-1
233,1840,1714,1177,215,118,-1,-1
233,1845,2468,1364,83,57,-1,-1
234,1840,1714,1177,215,118,-1,-1
234,1845,2468,1364,83,57,-1,-1
235,1840,1714,1177,215,118,-1,-1
235,1845,2468,1364,83,57,-1,-1
236,1840,1714,1177,215,118,-1,-1
236,1845,2468,1364,83,57,-1,-1
237,1840,1714,1177,215,118,-1,-1
237,1845,2468,1364,83,57,-1,-1
238,1840,1714,1177,215,118,-1,-1
238,1845,2468,1364,83,57,-1,-1
239,1840,1714,1177,215,118,-1,-1
239,1845,2468,1364,83,57,-1,-1
240,1840,1714,1177,215,118,-1,-1
240,1845,2468,1364,83,57,-1,-1
241,1840,1714,1177,215,118,-1,-1
241,1845,2468,1364,83,57,-1,-1
242,1840,1714,1177,215,118,-1,-1
242,1845,2468,1364,83,57,-1,-1
243,1840,1714,1177,215,118,-1,-1
243,1845,2468,1364,83,57,-1,-1
244,1840,1714,1177,215,118,-1,-1
244,1845,2468,1364,83,57,-1,-1
245,1840,1714,1177,215,118,-1,-1
245,1845,2468,1364,83,57,-1,-1
246,1840,1714,1177,215,118,-1,-1
246,1845,2468,1364,83,57,-1,-1
247,1840,1714,1177,215,118,-1,-1
247,1845,2468,1364,83,58,-1,-1
248,1840,1714,1177,215,118,-1,-1
248,1845,2468,1364,83,58,-1,-1
249,1840,1714,1177,215,118,-1,-1
249,1845,2468,1364,83,58,-1,-1
250,1840,1714,1177,215,118,-1,-1
250,1845,2468,1364,83,58,-1,-1
251,1840,1714,1177,215,118,-1,-1
251,1845,2468,1364,83,58,-1,-1
252,1840,1714,1177,215,118,-1,-1
252,1845,2468,1364,83,58,-1,-1
253,1840,1714,1177,215,118,-1,-1
253,1845,2468,1364,83,58,-1,-1
254,1840,1714,1177,215,118,-1,-1
254,1845,2468,1364,83,58,-1,-1
255,1840,1714,1177,215,118,-1,-1
255,1845,2468,1364,83,58,-1,-1
256,1840,1714,1177,215,118,-1,-1
256,1845,2468,1364,83,58,-1,-1
257,1840,1714,1177,215,118,-1,-1
257,1845,2468,1364,83,58,-1,-1
258,1840,1714,1177,215,118,-1,-1
258,1845,2468,1363,83,58,-1,-1
259,1840,1714,1177,215,118,-1,-1
259,1845,2468,1363,83,58,-1,-1
260,1840,1714,1177,215,118,-1,-1
260,1845,2468,1363,83,58,-1,-1
261,1840,1714,1177,215,118,-1,-1
261,1845,2468,1363,83,58,-1,-1
262,1840,1714,1177,215,118,-1,-1
262,1845,2468,1363,83,58,-1,-1
263,1840,1714,1177,215,118,-1,-1
263,1845,2468,1363,83,58,-1,-1
264,1840,1714,1177,215,118,-1,-1
264,1845,2468,1363,83,58,-1,-1
265,1840,1714,1177,215,118,-1,-1
265,1845,2468,1363,83,58,-1,-1
266,1840,1714,1177,215,118,-1,-1
266,1845,2468,1363,83,58,-1,-1
267,1840,1714,1177,215,118,-1,-1
267,1845,2468,1363,83,58,-1,-1
268,1840,1714,1177,215,118,-1,-1
268,1845,2468,1363,83,58,-1,-1
269,1840,1714,1177,215,118,-1,-1
269,1845,2468,1363,82,58,-1,-1
270,1840,1714,1177,215,118,-1,-1
270,1845,2468,1363,82,58,-1,-1
271,1840,1714,1177,215,118,-1,-1
271,1845,2468,1363,82,58,-1,-1
271,1846,2402,1367,110,69,-1,-1
272,1840,1714,1177,215,118,-1,-1
272,1845,2468,1363,82,58,-1,-1
272,1846,2389,1364,110,69,-1,-1
273,1840,1714,1177,215,118,-1,-1
273,1845,2468,1363,82,58,-1,-1
273,1846,2376,1362,109,69,-1,-1
274,1840,1714,1177,215,118,-1,-1
274,1845,2468,1363,82,58,-1,-1
274,1846,2364,1359,108,69,-1,-1
275,1840,1714,1177,215,118,-1,-1
275,1845,2468,1363,82,58,-1,-1
275,1846,2351,1357,107,69,-1,-1
276,1840,1714,1177,215,118,-1,-1
276,1845,2468,1363,82,58,-1,-1
276,1846,2339,1355,106,69,-1,-1
277,1840,1714,1177,215,118,-1,-1
277,1845,2468,1363,82,58,-1,-1
277,1846,2326,1352,105,69,-1,-1
278,1840,1714,1177,215,118,-1,-1
278,1845,2468,1363,82,58,-1,-1
278,1846,2314,1350,104,69,-1,-1
279,1840,1714,1177,215,118,-1,-1
279,1845,2468,1363,82,58,-1,-1
279,1846,2301,1347,104,69,-1,-1
280,1840,1714,1177,215,118,-1,-1
280,1845,2468,1363,82,58,-1,-1
280,1846,2289,1345,103,69,-1,-1
281,1840,1714,1177,215,118,-1,-1
281,1845,2468,1363,82,58,-1,-1
281,1846,2276,1342,102,69,-1,-1
282,1840,1714,1177,215,118,-1,-1
282,1845,2468,1363,82,58,-1,-1
282,1846,2264,1340,101,69,-1,-1
283,1840,1714,1177,215,118,-1,-1
283,1845,2468,1363,82,58,-1,-1
283,1846,2251,1337,100,69,-1,-1
284,1840,1714,1177,215,118,-1,-1
284,1845,2468,1363,82,58,-1,-1
284,1846,2238,1335,99,69,-1,-1
285,1840,1714,1177,215,118,-1,-1
285,1845,2468,1363,82,58,-1,-1
285,1846,2226,1332,98,69,-1,-1
286,1840,1714,1177,215,118,-1,-1
286,1845,2468,1363,82,58,-1,-1
286,1846,2213,1330,98,69,-1,-1
286,1817,2185,1327,36,63,-1,-1
287,1840,1714,1177,215,118,-1,-1
287,1845,2469,1363,82,58,-1,-1
287,1846,2201,1328,97,69,-1,-1
287,1817,2154,1320,66,67,-1,-1
288,1840,1714,1177,215,118,-1,-1
288,1845,2469,1363,82,58,-1,-1
288,1817,2123,1312,96,71,-1,-1
289,1840,1714,1177,215,118,-1,-1
289,1845,2469,1363,82,58,-1,-1
289,1817,2093,1305,124,75,-1,-1
290,1840,1714,1177,215,118,-1,-1
290,1845,2469,1363,82,58,-1,-1
290,1817,2062,1297,148,79,-1,-1
291,1840,1714,1177,215,118,-1,-1
291,1845,2469,1363,82,58,-1,-1
291,1817,2031,1290,168,83,-1,-1
292,1840,1714,1177,215,118,-1,-1
292,1845,2469,1363,82,58,-1,-1
292,1817,2000,1282,184,87,-1,-1
293,1840,1714,1177,215,118,-1,-1
293,1845,2469,1363,82,58,-1,-1
293,1817,1970,1275,196,91,-1,-1
294,1840,1714,1177,215,118,-1,-1
294,1845,2469,1363,82,58,-1,-1
294,1817,1939,1267,204,95,-1,-1
295,1840,1714,1177,215,118,-1,-1
295,1845,2469,1363,82,58,-1,-1
295,1817,1908,1260,209,99,-1,-1
296,1840,1714,1177,215,118,-1,-1
296,1845,2469,1363,82,58,-1,-1
296,1847,-1,1246,1099,617,-1,-1
296,1817,1878,1252,213,103,-1,-1
297,1840,1714,1177,214,118,-1,-1
297,1845,2469,1363,82,58,-1,-1
297,1847,208,1248,1001,545,-1,-1
297,1817,1847,1245,216,107,-1,-1
298,1840,1714,1177,214,118,-1,-1
298,1845,2469,1363,82,58,-1,-1
298,1847,424,1251,886,484,-1,-1
298,1817,1816,1237,218,112,-1,-1
299,1840,1714,1177,214,118,-1,-1
299,1845,2469,1363,82,58,-1,-1
299,1847,625,1254,773,435,-1,-1
299,1817,1785,1230,220,116,-1,-1
300,1840,1714,1177,214,118,-1,-1
300,1845,2469,1363,82,58,-1,-1
300,1847,793,1257,681,396,-1,-1
300,1817,1755,1222,224,120,-1,-1
301,1840,1714,1177,214,118,-1,-1
301,1845,2469,1363,82,58,-1,-1
301,1847,930,1260,611,362,-1,-1
301,1817,1724,1215,230,124,-1,-1
302,1840,1714,1177,214,118,-1,-1
302,1845,2469,1363,82,58,-1,-1
302,1847,1043,1262,556,330,-1,-1
302,1817,1693,1207,238,128,-1,-1
303,1840,1714,1177,214,118,-1,-1
303,1845,2469,1363,82,58,-1,-1
303,1847,1141,1265,509,301,-1,-1
303,1817,1662,1200,246,132,-1,-1
304,1840,1714,1177,214,118,-1,-1
304,1845,2469,1363,82,59,-1,-1
304,1847,1230,1268,464,278,-1,-1
304,1817,1632,1192,252,136,-1,-1
305,1840,1714,1177,214,118,-1,-1
305,1845,2469,1363,82,59,-1,-1
305,1847,1311,1271,423,257,-1,-1
305,1817,1601,1185,254,140,-1,-1
306,1840,1714,1177,214,118,-1,-1
306,1845,2469,1363,82,59,-1,-1
306,1847,1381,1274,388,237,-1,-1
306,1817,1570,1178,252,144,-1,-1
306,1849,2398,1362,111,71,-1,-1
307,1840,1714,1177,214,118,-1,-1
307,1845,2469,1363,82,59,-1,-1
307,1847,1442,1276,361,216,-1,-1
307,1849,2383,1359,111,71,-1,-1
307,1817,1490,1172,318,114,-1,-1
308,1840,1714,1177,214,118,-1,-1
308,1845,2469,1363,82,59,-1,-1
308,1847,1499,1279,339,195,-1,-1
308,1849,2369,1357,110,72,-1,-1
308,1817,1432,1164,319,127,-1,-1
309,1840,1714,1177,214,118,-1,-1
309,1845,2469,1363,82,59,-1,-1
309,1847,1554,1282,318,178,-1,-1
309,1849,2354,1354,109,72,-1,-1
309,1817,1380,1156,316,140,-1,-1
310,1840,1714,1177,214,118,-1,-1
310,1845,2469,1363,82,59,-1,-1
310,1847,1609,1285,303,168,-1,-1
310,1849,2339,1351,109,72,-1,-1
310,1817,1324,1148,316,153,-1,-1
311,1840,1714,1177,214,118,-1,-1
311,1845,2469,1363,82,59,-1,-1
311,1847,1659,1288,293,167,-1,-1
311,1849,2325,1348,108,72,-1,-1
311,1817,1263,1140,320,166,-1,-1
312,1840,1714,1177,214,118,-1,-1
312,1845,2469,1363,82,59,-1,-1
312,1847,1707,1290,285,173,-1,-1
312,1849,2310,1346,107,72,-1,-1
312,1817,1197,1132,330,179,-1,-1
313,1840,1714,1177,214,118,-1,-1
313,1845,2469,1363,82,59,-1,-1
313,1847,1752,1293,277,181,-1,-1
313,1849,2295,1343,106,73,-1,-1
313,1817,1124,1124,346,192,-1,-1
314,1840,1714,1177,214,118,-1,-1
314,1845,2469,1363,82,59,-1,-1
314,1847,1794,1296,266,185,-1,-1
314,1849,2280,1340,106,73,-1,-1
314,1817,1044,1116,370,204,-1,-1
315,1840,1714,1177,214,118,-1,-1
315,1845,2469,1363,82,59,-1,-1
315,1847,1832,1299,256,184,-1,-1
315,1849,2266,1337,105,73,-1,-1
315,1817,958,1108,401,217,-1,-1
316,1840,1714,1177,214,118,-1,-1
316,1845,2469,1363,82,59,-1,-1
316,1847,1862,1302,250,178,-1,-1
316,1849,2251,1335,104,73,-1,-1
316,1817,866,1100,436,230,-1,-1
317,1840,1714,1177,214,118,-1,-1
317,1845,2469,1363,82,59,-1,-1
317,1847,1889,1304,248,169,-1,-1
317,1849,2236,1332,104,73,-1,-1
317,1817,766,1092,480,243,-1,-1
318,1840,1714,1177,214,118,-1,-1
318,1845,2469,1363,82,59,-1,-1
318,1847,1918,1307,244,160,-1,-1
318,1849,2222,1329,103,73,-1,-1
318,1817,653,1084,537,256,-1,-1
319,1840,1714,1177,214,118,-1,-1
319,1845,2469,1363,82,59,-1,-1
319,1847,1950,1310,235,153,-1,-1
319,1849,2207,1326,102,74,-1,-1
319,1817,518,1076,615,269,-1,-1
320,1840,1714,1177,214,118,-1,-1
320,1845,2469,1363,82,59,-1,-1
320,1847,1981,1313,224,147,-1,-1
320,1817,355,1068,722,282,-1,-1
321,1840,1714,1177,214,118,-1,-1
321,1845,2469,1363,82,59,-1,-1
321,1847,2008,1316,213,143,-1,-1
321,1817,179,1060,842,295,-1,-1
322,1840,1714,1177,214,118,-1,-1
322,1845,2469,1363,82,59,-1,-1
322,1847,2030,1318,200,139,-1,-1
322,1817,14,1052,950,308,-1,-1
323,1840,1714,1177,214,118,-1,-1
323,1845,2469,1363,82,59,-1,-1
323,1847,2053,1321,180,135,-1,-1
324,1840,1714,1177,214,118,-1,-1
324,1845,2469,1363,82,59,-1,-1
324,1847,2079,1324,152,128,-1,-1
324,1851,2028,1290,147,91,-1,-1
325,1840,1714,1177,214,118,-1,-1
325,1845,2469,1363,82,59,-1,-1
325,1847,2106,1327,121,119,-1,-1
325,1851,2000,1282,158,95,-1,-1
326,1840,1714,1177,214,118,-1,-1
326,1845,2469,1363,81,59,-1,-1
326,1847,2130,1330,92,109,-1,-1
326,1851,1971,1273,167,98,-1,-1
327,1840,1714,1177,214,118,-1,-1
327,1845,2469,1362,81,59,-1,-1
327,1851,1940,1265,173,101,-1,-1
327,1847,2188,1366,164,112,-1,-1
328,1840,1714,1177,214,118,-1,-1
328,1845,2469,1362,81,59,-1,-1
328,1851,1905,1257,178,104,-1,-1
328,1847,2202,1368,163,112,-1,-1
329,1840,1714,1177,214,118,-1,-1
329,1845,2469,1362,81,59,-1,-1
329,1851,1869,1249,183,107,-1,-1
329,1847,2215,1369,162,112,-1,-1
330,1840,1714,1177,214,118,-1,-1
330,1845,2469,1362,81,59,-1,-1
330,1851,1831,1241,188,111,-1,-1
330,1847,2228,1370,161,112,-1,-1
331,1840,1714,1177,214,118,-1,-1
331,1845,2469,1362,81,59,-1,-1
331,1851,1792,1233,196,114,-1,-1
331,1847,2241,1371,160,111,-1,-1
332,1840,1714,1177,214,118,-1,-1
332,1845,2469,1362,81,59,-1,-1
332,1851,1752,1225,207,117,-1,-1
332,1847,2254,1372,159,111,-1,-1
333,1840,1714,1177,214,118,-1,-1
333,1845,2469,1362,81,59,-1,-1
333,1851,1709,1216,220,121,-1,-1
333,1847,2267,1373,158,111,-1,-1
334,1840,1714,1177,214,118,-1,-1
334,1845,2469,1362,81,59,-1,-1
334,1851,1665,1208,232,125,-1,-1
334,1847,2280,1375,157,111,-1,-1
335,1840,1714,1177,214,118,-1,-1
335,1845,2469,1362,81,59,-1,-1
335,1851,1617,1200,240,129,-1,-1
335,1847,2293,1376,155,110,-1,-1
336,1840,1714,1177,214,118,-1,-1
336,1845,2469,1362,81,59,-1,-1
336,1851,1568,1192,247,134,-1,-1
336,1847,2306,1377,154,110,-1,-1
337,1840,1714,1177,214,118,-1,-1
337,1845,2469,1362,81,59,-1,-1
337,1851,1516,1184,254,139,-1,-1
337,1847,2319,1378,153,110,-1,-1
338,1840,1714,1177,214,118,-1,-1
338,1845,2469,1362,81,59,-1,-1
338,1851,1463,1176,264,145,-1,-1
338,1847,2332,1379,152,110,-1,-1
339,1840,1714,1177,214,118,-1,-1
339,1845,2469,1362,81,59,-1,-1
339,1851,1408,1168,276,151,-1,-1
339,1847,2345,1380,151,109,-1,-1
340,1840,1714,1177,214,118,-1,-1
340,1845,2469,1362,81,59,-1,-1
340,1851,1347,1159,290,159,-1,-1
340,1847,2358,1382,150,109,-1,-1
341,1840,1714,1177,214,118,-1,-1
341,1845,2469,1362,81,59,-1,-1
341,1851,1277,1151,308,168,-1,-1
341,1847,2371,1383,149,109,-1,-1
342,1840,1714,1177,214,118,-1,-1
342,1845,2469,1362,81,59,-1,-1
342,1851,1198,1143,331,178,-1,-1
342,1847,2384,1384,148,109,-1,-1
343,1840,1714,1177,214,118,-1,-1
343,1845,2469,1362,81,59,-1,-1
343,1851,1107,1135,363,190,-1,-1
343,1847,2397,1385,147,108,-1,-1
344,1840,1714,1177,214,118,-1,-1
344,1845,2469,1362,81,59,-1,-1
344,1851,1004,1127,406,204,-1,-1
344,1847,2410,1386,146,108,-1,-1
345,1840,1714,1177,214,118,-1,-1
345,1845,2469,1362,81,59,-1,-1
345,1851,888,1119,461,221,-1,-1
345,1847,2423,1387,145,108,-1,-1
346,1840,1714,1177,214,118,-1,-1
346,1845,2469,1362,81,59,-1,-1
346,1851,755,1111,528,240,-1,-1
347,1840,1714,1177,214,118,-1,-1
347,1845,2469,1362,81,59,-1,-1
347,1851,602,1102,602,261,-1,-1
348,1840,1714,1177,214,118,-1,-1
348,1845,2469,1362,81,59,-1,-1
348,1851,427,1094,676,283,-1,-1
349,1840,1714,1177,214,118,-1,-1
349,1845,2469,1362,81,59,-1,-1
349,1851,233,1086,745,307,-1,-1
350,1840,1714,1177,214,118,-1,-1
350,1845,2469,1362,81,59,-1,-1
350,1851,23,1078,813,331,-1,-1
351,1840,1714,1177,214,118,-1,-1
351,1845,2469,1362,81,59,-1,-1
352,1840,1714,1177,214,118,-1,-1
352,1845,2469,1362,81,59,-1,-1
353,1840,1714,1177,214,118,-1,-1
353,1845,2469,1362,81,59,-1,-1
354,1840,1714,1177,214,118,-1,-1
354,1845,2469,1362,81,59,-1,-1
355,1840,1714,1177,214,118,-1,-1
355,1845,2469,1362,81,59,-1,-1
356,1840,1714,1177,214,118,-1,-1
356,1845,2469,1362,81,59,-1,-1
357,1840,1714,1177,214,118,-1,-1
357,1845,2469,1362,81,59,-1,-1
358,1840,1714,1177,214,118,-1,-1
358,1845,2469,1362,81,59,-1,-1
359,1840,1714,1177,214,118,-1,-1
359,1845,2469,1362,81,60,-1,-1
360,1840,1714,1177,214,118,-1,-1
360,1845,2469,1362,81,60,-1,-1
361,1840,1714,1177,214,118,-1,-1
361,1845,2469,1362,81,60,-1,-1
362,1840,1714,1177,214,118,-1,-1
362,1845,2469,1362,81,60,-1,-1
363,1840,1714,1177,214,118,-1,-1
363,1845,2469,1362,81,60,-1,-1
364,1840,1714,1177,214,118,-1,-1
364,1845,2469,1362,81,60,-1,-1
365,1840,1714,1177,214,118,-1,-1
365,1845,2469,1362,81,60,-1,-1
366,1840,1714,1177,214,118,-1,-1
366,1845,2469,1362,81,60,-1,-1
367,1840,1714,1177,214,118,-1,-1
367,1845,2469,1362,81,60,-1,-1
368,1840,1714,1177,214,118,-1,-1
368,1845,2470,1362,81,60,-1,-1
369,1840,1714,1177,214,118,-1,-1
369,1845,2470,1362,81,60,-1,-1
370,1840,1714,1177,214,118,-1,-1
370,1845,2470,1362,81,60,-1,-1
371,1840,1714,1177,214,118,-1,-1
371,1845,2470,1362,81,60,-1,-1
372,1840,1714,1177,214,118,-1,-1
372,1845,2470,1362,81,60,-1,-1
373,1840,1715,1177,214,118,-1,-1
373,1845,2470,1362,81,60,-1,-1
374,1840,1715,1177,214,118,-1,-1
374,1845,2470,1362,81,60,-1,-1
375,1840,1715,1177,214,118,-1,-1
375,1845,2470,1362,81,60,-1,-1
376,1840,1715,1177,214,118,-1,-1
376,1845,2470,1362,81,60,-1,-1
377,1840,1715,1177,214,118,-1,-1
377,1845,2470,1362,81,60,-1,-1
378,1840,1715,1177,214,118,-1,-1
378,1845,2470,1362,81,60,-1,-1
379,1840,1715,1177,214,118,-1,-1
379,1845,2470,1362,81,60,-1,-1
380,1840,1715,1177,214,118,-1,-1
380,1845,2470,1362,81,60,-1,-1
381,1840,1715,1177,214,118,-1,-1
381,1845,2470,1362,81,60,-1,-1
382,1840,1715,1177,214,118,-1,-1
382,1845,2470,1362,81,60,-1,-1
383,1840,1715,1177,214,118,-1,-1
383,1845,2470,1362,80,60,-1,-1
384,1840,1715,1177,213,118,-1,-1
384,1845,2470,1362,80,60,-1,-1
384,1853,-1,851,735,487,-1,-1
385,1840,1715,1177,213,118,-1,-1
385,1845,2470,1362,80,60,-1,-1
385,1853,9,868,801,473,-1,-1
386,1840,1715,1177,213,118,-1,-1
386,1845,2470,1362,80,60,-1,-1
386,1853,18,887,866,457,-1,-1
387,1840,1715,1177,213,118,-1,-1
387,1845,2470,1362,80,60,-1,-1
387,1853,41,909,915,438,-1,-1
388,1840,1715,1177,213,118,-1,-1
388,1845,2470,1362,80,60,-1,-1
388,1853,100,933,925,416,-1,-1
389,1840,1715,1177,213,118,-1,-1
389,1845,2470,1362,80,60,-1,-1
389,1853,192,958,898,394,-1,-1
390,1840,1715,1177,213,118,-1,-1
390,1845,2470,1362,80,60,-1,-1
390,1853,301,983,850,372,-1,-1
391,1840,1715,1177,213,118,-1,-1
391,1845,2470,1362,80,60,-1,-1
391,1853,404,1005,806,354,-1,-1
392,1840,1715,1177,213,118,-1,-1
392,1845,2470,1362,80,60,-1,-1
392,1853,494,1021,772,340,-1,-1
393,1840,1715,1177,213,118,-1,-1
393,1845,2470,1362,80,60,-1,-1
393,1853,581,1034,740,330,-1,-1
394,1840,1715,1177,213,118,-1,-1
394,1845,2470,1362,80,60,-1,-1
394,1853,671,1044,703,323,-1,-1
395,1840,1715,1177,213,118,-1,-1
395,1845,2470,1362,80,60,-1,-1
395,1853,761,1054,665,315,-1,-1
396,1840,1715,1177,213,118,-1,-1
396,1845,2470,1362,80,60,-1,-1
396,1853,843,1065,632,308,-1,-1
397,1840,1715,1177,213,118,-1,-1
397,1845,2470,1362,80,60,-1,-1
397,1853,915,1076,606,300,-1,-1
398,1840,1715,1177,213,118,-1,-1
398,1845,2470,1361,80,60,-1,-1
398,1853,984,1088,580,291,-1,-1
399,1840,1715,1177,213,118,-1,-1
399,1845,2470,1361,80,60,-1,-1
399,1853,1054,1099,551,282,-1,-1
400,1840,1715,1177,213,118,-1,-1
400,1845,2470,1361,80,60,-1,-1
400,1853,1125,1110,520,275,-1,-1
401,1840,1715,1177,213,118,-1,-1
401,1845,2470,1361,80,60,-1,-1
401,1853,1195,1119,489,269,-1,-1
402,1840,1715,1177,213,118,-1,-1
402,1845,2470,1361,80,60,-1,-1
402,1853,1261,1127,461,263,-1,-1
403,1840,1715,1177,213,118,-1,-1
403,1845,2470,1361,80,60,-1,-1
403,1853,1322,1136,438,258,-1,-1
404,1840,1715,1177,213,118,-1,-1
404,1845,2470,1361,80,60,-1,-1
404,1853,1375,1145,423,251,-1,-1
405,1840,1715,1177,213,118,-1,-1
405,1845,2470,1361,80,60,-1,-1
405,1853,1429,1155,407,244,-1,-1
406,1840,1715,1177,213,118,-1,-1
406,1845,2470,1361,80,60,-1,-1
406,1853,1483,1164,389,238,-1,-1
407,1840,1715,1177,213,118,-1,-1
407,1845,2470,1361,80,60,-1,-1
407,1853,1540,1171,368,234,-1,-1
408,1840,1715,1177,213,118,-1,-1
408,1845,2470,1361,80,60,-1,-1
408,1853,1595,1176,346,232,-1,-1
409,1840,1715,1177,213,118,-1,-1
409,1845,2470,1361,80,60,-1,-1
409,1853,1639,1180,332,230,-1,-1
410,1840,1715,1177,213,118,-1,-1
410,1845,2470,1361,80,60,-1,-1
410,1853,1675,1188,325,226,-1,-1
411,1840,1715,1177,213,118,-1,-1
411,1845,2470,1361,80,60,-1,-1
411,1853,1707,1199,320,218,-1,-1
412,1840,1715,1177,213,118,-1,-1
412,1845,2470,1361,80,60,-1,-1
412,1853,1743,1215,311,205,-1,-1
413,1840,1715,1177,213,118,-1,-1
413,1845,2470,1361,80,60,-1,-1
413,1853,1787,1231,293,191,-1,-1
414,1840,1715,1177,213,118,-1,-1
414,1845,2470,1361,80,60,-1,-1
414,1853,1832,1245,274,180,-1,-1
415,1840,1715,1177,213,118,-1,-1
415,1845,2470,1361,80,60,-1,-1
415,1853,1874,1255,256,174,-1,-1
416,1840,1715,1177,213,118,-1,-1
416,1845,2470,1361,80,61,-1,-1
416,1853,1910,1261,244,170,-1,-1
417,1840,1715,1177,213,118,-1,-1
417,1845,2470,1361,80,61,-1,-1
417,1853,1939,1268,237,167,-1,-1
418,1840,1715,1177,213,118,-1,-1
418,1845,2470,1361,80,61,-1,-1
418,1853,1968,1275,230,163,-1,-1
