1,1855,1890,413,195,70,-1,-1
2,1855,1890,413,195,70,-1,-1
3,1855,1890,413,196,70,-1,-1
4,1855,1890,413,196,70,-1,-1
5,1855,1890,413,196,70,-1,-1
6,1855,1890,413,196,70,-1,-1
7,1855,1890,413,196,70,-1,-1
8,1855,1890,413,196,70,-1,-1
9,1855,1890,413,196,70,-1,-1
10,1855,1890,413,196,70,-1,-1
11,1855,1890,413,196,70,-1,-1
12,1855,1890,413,196,70,-1,-1
13,1855,1890,413,196,70,-1,-1
14,1855,1890,413,196,70,-1,-1
15,1855,1890,413,196,70,-1,-1
16,1855,1890,413,196,70,-1,-1
17,1855,1890,413,196,70,-1,-1
18,1855,1890,413,196,70,-1,-1
19,1855,1890,413,196,70,-1,-1
20,1855,1890,413,196,70,-1,-1
21,1855,1890,413,196,70,-1,-1
22,1855,1890,413,196,70,-1,-1
23,1855,1890,413,196,70,-1,-1
24,1855,1890,413,196,70,-1,-1
25,1855,1890,413,196,70,-1,-1
26,1855,1890,413,196,70,-1,-1
27,1855,1890,413,196,70,-1,-1
28,1855,1890,413,196,70,-1,-1
29,1855,1890,413,196,70,-1,-1
30,1855,1890,413,196,70,-1,-1
31,1855,1890,413,196,70,-1,-1
32,1855,1890,413,196,70,-1,-1
33,1855,1890,413,195,70,-1,-1
34,1855,1890,413,195,70,-1,-1
35,1855,1890,413,195,70,-1,-1
36,1855,1890,413,195,70,-1,-1
37,1855,1890,413,195,70,-1,-1
38,1855,1890,413,195,70,-1,-1
39,1855,1890,413,195,70,-1,-1
40,1855,1890,413,195,70,-1,-1
41,1855,1890,413,195,70,-1,-1
42,1855,1890,413,195,70,-1,-1
43,1855,1890,413,196,70,-1,-1
44,1855,1890,413,196,70,-1,-1
45,1853,2313,453,70,69,-1,-1
45,1855,1890,413,197,70,-1,-1
46,1853,2289,449,135,73,-1,-1
46,1855,1890,413,197,70,-1,-1
47,1853,2264,446,185,76,-1,-1
47,1855,1890,413,198,70,-1,-1
48,1853,2239,443,218,79,-1,-1
48,1855,1890,413,198,70,-1,-1
49,1853,2214,440,235,82,-1,-1
49,1855,1890,413,198,70,-1,-1
50,1853,2188,436,244,85,-1,-1
50,1855,1890,413,197,70,-1,-1
51,1853,2162,433,252,88,-1,-1
51,1855,1890,413,195,70,-1,-1
52,1853,2136,430,261,90,-1,-1
52,1855,1890,413,192,70,-1,-1
53,1853,2110,427,271,93,-1,-1
53,1855,1890,413,187,70,-1,-1
54,1853,2085,424,280,95,-1,-1
54,1855,1890,413,182,70,-1,-1
55,1853,2059,421,285,96,-1,-1
55,1855,1890,413,175,70,-1,-1
56,1853,2034,419,286,98,-1,-1
56,1855,1890,413,167,70,-1,-1
57,1853,2010,416,284,99,-1,-1
57,1855,1890,413,159,70,-1,-1
58,1853,1986,414,281,100,-1,-1
58,1855,1890,413,152,70,-1,-1
59,1853,1963,412,279,100,-1,-1
59,1855,1890,413,146,70,-1,-1
60,1853,1941,410,278,100,-1,-1
60,1855,1890,413,142,70,-1,-1
61,1853,1920,408,276,100,-1,-1
61,1855,1890,413,140,70,-1,-1
62,1853,1900,406,274,100,-1,-1
62,1855,1890,413,140,70,-1,-1
63,1853,1881,405,272,99,-1,-1
63,1855,1890,413,142,70,-1,-1
64,1853,1864,403,270,99,-1,-1
64,1855,1890,413,146,70,-1,-1
65,1853,1847,402,268,98,-1,-1
65,1855,1890,413,150,70,-1,-1
66,1853,1832,400,268,97,-1,-1
66,1855,1890,413,155,70,-1,-1
67,1853,1818,399,270,96,-1,-1
67,1855,1890,413,160,70,-1,-1
68,1853,1805,398,273,94,-1,-1
68,1855,1890,413,166,70,-1,-1
69,1853,1793,397,274,93,-1,-1
69,1855,1890,413,171,70,-1,-1
70,1853,1780,395,270,92,-1,-1
70,1855,1890,413,176,70,-1,-1
71,1853,1768,394,258,91,-1,-1
71,1855,1890,413,180,70,-1,-1
72,1853,1755,393,241,90,-1,-1
72,1855,1890,413,184,70,-1,-1
73,1853,1740,392,223,89,-1,-1
73,1855,1890,413,187,70,-1,-1
74,1853,1725,390,211,88,-1,-1
74,1855,1890,413,189,70,-1,-1
75,1853,1708,389,207,88,-1,-1
75,1855,1890,413,191,70,-1,-1
76,1853,1690,387,210,87,-1,-1
76,1855,1890,413,193,70,-1,-1
77,1853,1672,386,218,87,-1,-1
77,1855,1890,413,194,70,-1,-1
78,1853,1655,385,228,87,-1,-1
78,1855,1890,413,194,70,-1,-1
79,1853,1638,383,238,87,-1,-1
79,1855,1890,413,195,70,-1,-1
80,1853,1623,382,245,87,-1,-1
80,1855,1890,413,195,70,-1,-1
81,1853,1609,381,248,87,-1,-1
81,1855,1890,413,195,70,-1,-1
82,1853,1597,380,248,87,-1,-1
82,1855,1890,413,195,70,-1,-1
83,1853,1586,379,246,87,-1,-1
83,1855,1890,413,196,70,-1,-1
84,1853,1577,378,244,88,-1,-1
84,1855,1890,413,196,70,-1,-1
85,1853,1568,377,241,88,-1,-1
85,1855,1890,413,196,70,-1,-1
86,1853,1560,376,239,88,-1,-1
86,1855,1890,413,196,70,-1,-1
87,1853,1552,376,237,88,-1,-1
87,1855,1890,413,196,70,-1,-1
88,1853,1544,375,238,88,-1,-1
88,1855,1890,413,196,70,-1,-1
89,1853,1536,374,243,89,-1,-1
89,1855,1890,413,196,70,-1,-1
90,1853,1528,374,250,89,-1,-1
90,1855,1890,413,196,70,-1,-1
91,1853,1521,374,259,89,-1,-1
91,1855,1890,413,196,70,-1,-1
92,1853,1513,373,267,90,-1,-1
92,1855,1890,413,196,70,-1,-1
93,1853,1505,373,273,90,-1,-1
93,1855,1890,413,196,70,-1,-1
94,1853,1497,373,274,90,-1,-1
94,1855,1890,413,196,70,-1,-1
95,1853,1489,373,274,91,-1,-1
95,1855,1890,413,196,70,-1,-1
96,1853,1481,372,272,91,-1,-1
96,1855,1890,413,196,71,-1,-1
97,1853,1473,372,272,92,-1,-1
97,1855,1890,413,196,71,-1,-1
98,1853,1466,372,273,92,-1,-1
98,1855,1890,413,196,71,-1,-1
99,1853,1458,372,273,93,-1,-1
99,1855,1890,413,196,71,-1,-1
100,1853,1450,372,271,93,-1,-1
100,1855,1890,413,197,71,-1,-1
101,1853,1442,372,269,94,-1,-1
101,1855,1890,413,197,71,-1,-1
102,1853,1434,372,266,95,-1,-1
102,1855,1890,413,197,71,-1,-1
103,1853,1427,372,264,96,-1,-1
103,1855,1890,413,197,71,-1,-1
104,1853,1420,372,261,96,-1,-1
104,1855,1890,413,197,71,-1,-1
105,1853,1413,373,257,97,-1,-1
105,1855,1890,413,197,71,-1,-1
106,1853,1406,373,253,98,-1,-1
106,1855,1890,413,197,71,-1,-1
107,1853,1400,373,249,99,-1,-1
107,1855,1890,413,197,71,-1,-1
108,1853,1395,374,245,100,-1,-1
108,1855,1890,413,197,71,-1,-1
109,1853,1389,374,240,101,-1,-1
109,1855,1890,413,197,71,-1,-1
110,1853,1384,375,236,102,-1,-1
110,1855,1890,413,197,71,-1,-1
111,1853,1379,375,232,103,-1,-1
111,1855,1890,413,197,71,-1,-1
112,1853,1374,376,226,104,-1,-1
112,1855,1890,413,197,71,-1,-1
113,1853,1370,376,220,105,-1,-1
113,1855,1890,413,197,71,-1,-1
114,1853,1366,377,213,107,-1,-1
114,1855,1890,413,197,71,-1,-1
115,1853,1363,378,206,108,-1,-1
115,1855,1890,413,197,71,-1,-1
116,1853,1361,378,198,109,-1,-1
116,1855,1890,413,197,71,-1,-1
117,1853,1359,379,190,110,-1,-1
117,1855,1890,413,197,71,-1,-1
118,1853,1357,380,182,112,-1,-1
118,1855,1890,413,197,71,-1,-1
119,1853,1357,381,174,113,-1,-1
119,1855,1890,413,197,71,-1,-1
120,1853,1357,382,167,115,-1,-1
120,1855,1890,413,197,71,-1,-1
121,1853,1357,383,160,116,-1,-1
121,1855,1890,413,197,71,-1,-1
122,1853,1358,384,155,118,-1,-1
122,1855,1890,413,197,71,-1,-1
123,1853,1359,385,150,120,-1,-1
123,1855,1890,413,197,71,-1,-1
124,1853,1361,387,146,122,-1,-1
124,1855,1890,413,197,71,-1,-1
125,1853,1362,388,143,124,-1,-1
125,1855,1890,413,197,71,-1,-1
126,1853,1364,389,140,126,-1,-1
126,1855,1890,413,197,71,-1,-1
127,1853,1366,391,138,128,-1,-1
127,1855,1890,413,197,71,-1,-1
128,1853,1368,392,136,130,-1,-1
128,1855,1890,413,197,71,-1,-1
129,1853,1370,394,135,133,-1,-1
129,1855,1890,413,197,71,-1,-1
130,1853,1372,395,134,135,-1,-1
130,1855,1890,413,198,71,-1,-1
131,1853,1374,397,135,138,-1,-1
131,1855,1890,413,198,71,-1,-1
132,1853,1375,398,137,140,-1,-1
132,1855,1890,413,198,71,-1,-1
133,1853,1376,400,140,143,-1,-1
133,1855,1890,413,198,71,-1,-1
134,1853,1377,401,143,146,-1,-1
134,1855,1890,413,198,71,-1,-1
135,1853,1378,403,146,148,-1,-1
135,1855,1890,413,198,71,-1,-1
136,1853,1379,404,150,151,-1,-1
136,1855,1890,413,198,71,-1,-1
137,1853,1380,406,153,154,-1,-1
137,1855,1890,413,198,71,-1,-1
138,1853,1381,408,157,156,-1,-1
138,1855,1890,413,197,71,-1,-1
139,1853,1381,410,161,159,-1,-1
139,1855,1890,413,197,71,-1,-1
140,1853,1382,412,164,161,-1,-1
140,1855,1890,413,197,71,-1,-1
141,1853,1383,415,167,163,-1,-1
141,1855,1890,413,197,71,-1,-1
142,1853,1383,417,168,165,-1,-1
142,1855,1890,413,197,71,-1,-1
143,1853,1384,420,170,167,-1,-1
143,1855,1890,413,197,71,-1,-1
144,1853,1385,423,172,169,-1,-1
144,1855,1890,413,197,71,-1,-1
145,1853,1386,427,174,170,-1,-1
145,1855,1890,413,197,71,-1,-1
146,1853,1386,430,176,171,-1,-1
146,1855,1890,413,197,71,-1,-1
147,1853,1387,433,179,173,-1,-1
147,1855,1890,413,198,71,-1,-1
148,1853,1388,437,182,174,-1,-1
148,1855,1890,413,198,71,-1,-1
149,1853,1389,440,184,175,-1,-1
149,1855,1890,413,198,71,-1,-1
150,1853,1390,444,186,177,-1,-1
150,1855,1890,413,198,71,-1,-1
151,1853,1391,447,188,179,-1,-1
151,1855,1890,413,198,71,-1,-1
152,1853,1392,451,191,181,-1,-1
152,1855,1890,413,198,71,-1,-1
153,1853,1393,454,194,183,-1,-1
153,1855,1890,413,198,71,-1,-1
154,1853,1395,457,198,185,-1,-1
154,1855,1890,413,198,71,-1,-1
155,1853,1396,460,202,188,-1,-1
155,1855,1890,413,198,71,-1,-1
156,1853,1397,463,206,191,-1,-1
156,1855,1890,413,198,71,-1,-1
157,1853,1399,466,210,194,-1,-1
157,1855,1890,413,198,71,-1,-1
158,1853,1400,469,214,197,-1,-1
158,1855,1890,413,198,71,-1,-1
159,1853,1402,471,216,201,-1,-1
159,1855,1890,413,198,71,-1,-1
160,1853,1404,474,219,204,-1,-1
160,1855,1890,413,198,71,-1,-1
161,1853,1405,477,222,208,-1,-1
161,1855,1890,413,198,71,-1,-1
162,1853,1407,480,225,212,-1,-1
162,1855,1890,413,198,71,-1,-1
163,1853,1409,482,229,215,-1,-1
163,1855,1890,413,198,71,-1,-1
164,1853,1410,485,234,219,-1,-1
164,1855,1890,413,198,71,-1,-1
165,1853,1412,488,240,223,-1,-1
165,1855,1890,413,198,71,-1,-1
166,1853,1414,491,246,227,-1,-1
166,1855,1890,413,198,71,-1,-1
167,1853,1416,494,252,230,-1,-1
167,1855,1890,413,198,71,-1,-1
168,1853,1418,497,258,234,-1,-1
168,1855,1890,413,198,71,-1,-1
169,1853,1420,500,263,238,-1,-1
169,1855,1890,413,198,71,-1,-1
170,1853,1422,504,266,241,-1,-1
170,1855,1890,413,199,71,-1,-1
171,1853,1424,507,270,245,-1,-1
171,1855,1890,413,199,71,-1,-1
172,1853,1426,510,273,248,-1,-1
172,1855,1890,413,199,71,-1,-1
173,1853,1428,514,278,251,-1,-1
173,1855,1890,413,199,71,-1,-1
174,1853,1430,517,283,255,-1,-1
174,1855,1890,413,199,71,-1,-1
175,1853,1432,520,289,258,-1,-1
175,1855,1890,413,200,71,-1,-1
176,1853,1435,524,294,261,-1,-1
176,1855,1890,413,199,71,-1,-1
177,1853,1437,527,298,265,-1,-1
177,1855,1890,413,199,71,-1,-1
178,1853,1439,530,301,268,-1,-1
178,1855,1890,413,199,71,-1,-1
179,1853,1442,533,303,271,-1,-1
179,1855,1890,413,199,71,-1,-1
180,1853,1445,536,304,275,-1,-1
180,1855,1890,413,199,71,-1,-1
181,1853,1447,539,307,279,-1,-1
181,1855,1890,413,198,71,-1,-1
182,1853,1450,542,310,282,-1,-1
182,1855,1890,413,198,71,-1,-1
183,1853,1453,545,315,286,-1,-1
183,1855,1890,413,198,71,-1,-1
184,1853,1456,548,320,290,-1,-1
184,1855,1890,413,198,71,-1,-1
185,1853,1459,551,325,295,-1,-1
185,1855,1890,413,198,71,-1,-1
186,1853,1462,554,329,299,-1,-1
186,1855,1890,413,197,71,-1,-1
187,1853,1465,556,334,303,-1,-1
187,1855,1890,413,197,71,-1,-1
188,1853,1468,559,338,308,-1,-1
188,1855,1890,413,197,71,-1,-1
189,1853,1470,561,344,313,-1,-1
189,1855,1890,413,197,71,-1,-1
190,1853,1471,564,351,317,-1,-1
190,1855,1890,413,197,71,-1,-1
191,1853,1473,566,359,322,-1,-1
191,1855,1890,413,197,71,-1,-1
192,1853,1473,568,368,326,-1,-1
192,1855,1890,413,197,71,-1,-1
193,1853,1474,571,376,331,-1,-1
193,1855,1890,413,197,71,-1,-1
194,1853,1475,573,383,335,-1,-1
194,1855,1890,413,197,71,-1,-1
195,1853,1476,575,389,339,-1,-1
195,1855,1890,413,197,71,-1,-1
196,1853,1477,577,394,343,-1,-1
196,1855,1890,413,197,71,-1,-1
197,1853,1479,579,398,346,-1,-1
197,1855,1890,413,197,71,-1,-1
198,1853,1481,580,401,349,-1,-1
198,1855,1890,413,197,71,-1,-1
199,1853,1484,582,403,352,-1,-1
199,1855,1890,413,197,71,-1,-1
200,1853,1486,584,406,354,-1,-1
200,1855,1890,413,197,71,-1,-1
201,1853,1489,585,409,356,-1,-1
201,1855,1890,413,197,71,-1,-1
202,1853,1491,587,413,357,-1,-1
202,1855,1890,413,197,71,-1,-1
203,1853,1493,588,416,358,-1,-1
203,1855,1890,413,197,71,-1,-1
204,1853,1495,589,419,359,-1,-1
204,1855,1890,413,197,71,-1,-1
205,1853,1496,591,422,359,-1,-1
205,1855,1890,413,197,71,-1,-1
206,1853,1496,592,423,358,-1,-1
206,1855,1890,413,197,71,-1,-1
207,1853,1496,593,424,358,-1,-1
207,1855,1890,413,197,71,-1,-1
208,1853,1496,594,425,357,-1,-1
208,1855,1890,413,197,71,-1,-1
209,1853,1494,595,426,357,-1,-1
209,1855,1890,413,197,71,-1,-1
210,1853,1493,596,427,356,-1,-1
210,1855,1890,413,197,71,-1,-1
211,1853,1492,597,428,355,-1,-1
211,1855,1890,413,197,71,-1,-1
212,1853,1491,598,429,354,-1,-1
212,1855,1890,413,196,71,-1,-1
213,1853,1489,598,431,353,-1,-1
213,1855,1890,413,196,71,-1,-1
214,1853,1489,599,432,353,-1,-1
214,1855,1890,413,196,71,-1,-1
215,1853,1488,599,432,352,-1,-1
215,1855,1890,413,196,71,-1,-1
216,1853,1488,600,432,351,-1,-1
216,1855,1890,413,196,71,-1,-1
217,1853,1487,600,432,351,-1,-1
217,1855,1890,413,196,71,-1,-1
218,1853,1487,600,432,350,-1,-1
218,1855,1890,413,196,71,-1,-1
219,1853,1487,600,432,350,-1,-1
219,1855,1890,413,196,71,-1,-1
220,1853,1488,600,432,350,-1,-1
220,1855,1890,413,196,71,-1,-1
221,1853,1488,600,432,350,-1,-1
221,1855,1890,413,196,71,-1,-1
222,1853,1488,600,432,350,-1,-1
222,1855,1890,413,196,71,-1,-1
223,1853,1488,600,432,350,-1,-1
223,1855,1890,413,196,71,-1,-1
224,1853,1488,600,432,350,-1,-1
224,1855,1890,413,197,71,-1,-1
225,1853,1488,600,432,350,-1,-1
225,1855,1890,413,197,71,-1,-1
226,1853,1488,600,432,350,-1,-1
226,1855,1890,413,197,71,-1,-1
227,1853,1488,600,433,350,-1,-1
227,1855,1890,413,197,71,-1,-1
228,1853,1488,600,433,350,-1,-1
228,1855,1890,413,196,71,-1,-1
229,1853,1487,600,433,350,-1,-1
229,1855,1890,413,196,71,-1,-1
230,1853,1486,599,434,350,-1,-1
230,1855,1890,413,196,71,-1,-1
231,1853,1486,599,434,350,-1,-1
231,1855,1890,413,196,71,-1,-1
232,1853,1485,599,435,350,-1,-1
232,1855,1890,413,196,71,-1,-1
233,1853,1485,599,436,350,-1,-1
233,1855,1890,413,195,71,-1,-1
234,1853,1485,599,436,350,-1,-1
234,1855,1890,413,195,71,-1,-1
235,1853,1485,599,436,351,-1,-1
235,1855,1890,413,195,71,-1,-1
236,1853,1485,599,435,351,-1,-1
236,1855,1890,413,195,71,-1,-1
237,1853,1486,598,435,351,-1,-1
237,1855,1890,413,195,71,-1,-1
238,1853,1487,598,434,352,-1,-1
238,1855,1890,413,195,71,-1,-1
239,1853,1488,598,433,352,-1,-1
239,1855,1890,413,195,71,-1,-1
240,1853,1489,597,432,352,-1,-1
240,1855,1890,413,196,71,-1,-1
241,1853,1490,597,431,353,-1,-1
241,1855,1890,413,196,71,-1,-1
242,1853,1491,596,430,353,-1,-1
242,1855,1890,413,196,71,-1,-1
243,1853,1492,596,429,354,-1,-1
243,1855,1890,413,196,71,-1,-1
244,1853,1492,596,429,355,-1,-1
244,1855,1890,413,197,71,-1,-1
245,1853,1493,595,429,355,-1,-1
245,1855,1890,413,197,71,-1,-1
246,1853,1493,595,428,356,-1,-1
246,1855,1890,413,197,71,-1,-1
247,1853,1493,594,428,356,-1,-1
247,1855,1890,413,197,71,-1,-1
248,1853,1494,594,428,357,-1,-1
248,1855,1890,413,197,71,-1,-1
249,1853,1494,594,427,357,-1,-1
249,1855,1890,413,197,71,-1,-1
250,1853,1494,594,427,357,-1,-1
250,1855,1890,413,197,71,-1,-1
251,1853,1495,593,426,357,-1,-1
251,1855,1890,413,197,71,-1,-1
252,1853,1496,593,425,357,-1,-1
252,1855,1890,413,197,71,-1,-1
253,1853,1496,593,424,357,-1,-1
253,1855,1890,413,197,71,-1,-1
254,1853,1497,593,423,356,-1,-1
254,1855,1890,413,197,71,-1,-1
255,1853,1497,593,423,356,-1,-1
255,1855,1890,413,197,71,-1,-1
256,1853,1498,593,423,354,-1,-1
256,1855,1890,413,197,71,-1,-1
257,1853,1498,593,423,353,-1,-1
257,1855,1890,413,197,71,-1,-1
258,1853,1498,594,423,352,-1,-1
258,1855,1890,413,197,71,-1,-1
259,1853,1497,594,423,350,-1,-1
259,1855,1890,413,197,71,-1,-1
260,1853,1497,594,423,348,-1,-1
260,1855,1890,413,196,71,-1,-1
261,1853,1496,594,423,347,-1,-1
261,1855,1890,413,196,71,-1,-1
262,1853,1495,595,422,345,-1,-1
262,1855,1890,413,196,71,-1,-1
263,1853,1494,595,422,343,-1,-1
263,1855,1890,413,196,71,-1,-1
264,1853,1493,596,423,342,-1,-1
264,1855,1890,413,195,71,-1,-1
265,1853,1493,596,424,340,-1,-1
265,1855,1890,413,195,71,-1,-1
266,1853,1492,596,427,340,-1,-1
266,1855,1890,413,195,71,-1,-1
267,1853,1491,597,430,339,-1,-1
267,1855,1890,413,195,71,-1,-1
268,1853,1490,597,432,339,-1,-1
268,1855,1890,413,195,71,-1,-1
269,1853,1489,598,434,340,-1,-1
269,1855,1890,413,195,71,-1,-1
270,1853,1488,598,435,340,-1,-1
270,1855,1890,413,194,71,-1,-1
271,1853,1487,599,435,341,-1,-1
271,1855,1890,413,194,71,-1,-1
272,1853,1487,599,435,343,-1,-1
272,1855,1890,413,194,71,-1,-1
273,1853,1486,599,435,344,-1,-1
273,1855,1890,413,194,71,-1,-1
274,1853,1486,599,434,345,-1,-1
274,1855,1890,413,193,71,-1,-1
275,1853,1487,599,434,346,-1,-1
275,1855,1890,413,193,71,-1,-1
276,1853,1487,600,434,347,-1,-1
276,1855,1890,413,193,71,-1,-1
277,1853,1488,599,433,349,-1,-1
277,1855,1890,413,193,71,-1,-1
278,1853,1488,599,433,350,-1,-1
278,1855,1890,413,192,71,-1,-1
279,1853,1489,599,432,350,-1,-1
279,1855,1890,413,192,71,-1,-1
280,1853,1490,599,431,351,-1,-1
280,1855,1890,413,192,71,-1,-1
281,1853,1491,599,430,352,-1,-1
281,1855,1890,413,192,71,-1,-1
282,1853,1491,599,430,352,-1,-1
282,1855,1890,413,192,71,-1,-1
283,1853,1492,599,429,353,-1,-1
283,1855,1890,413,192,71,-1,-1
284,1853,1492,598,429,353,-1,-1
284,1855,1890,413,192,71,-1,-1
285,1853,1492,598,429,353,-1,-1
285,1855,1890,413,192,71,-1,-1
286,1853,1492,598,429,353,-1,-1
286,1855,1890,413,192,71,-1,-1
287,1853,1492,598,430,353,-1,-1
287,1855,1890,413,191,71,-1,-1
288,1853,1491,598,430,353,-1,-1
288,1855,1890,413,191,71,-1,-1
289,1853,1490,598,431,353,-1,-1
289,1855,1890,413,191,71,-1,-1
290,1853,1490,598,432,353,-1,-1
290,1855,1890,413,191,71,-1,-1
291,1853,1489,598,432,353,-1,-1
291,1855,1890,413,191,71,-1,-1
292,1853,1489,599,433,353,-1,-1
292,1855,1890,413,192,71,-1,-1
293,1853,1488,599,433,352,-1,-1
293,1855,1890,413,192,71,-1,-1
294,1853,1488,599,433,352,-1,-1
294,1855,1890,413,192,71,-1,-1
295,1853,1488,599,434,352,-1,-1
295,1855,1890,413,192,71,-1,-1
296,1853,1488,599,434,352,-1,-1
296,1855,1890,413,192,71,-1,-1
297,1853,1488,599,434,352,-1,-1
297,1855,1890,413,192,71,-1,-1
298,1853,1487,599,434,352,-1,-1
298,1855,1890,413,192,71,-1,-1
299,1853,1487,599,435,352,-1,-1
299,1855,1890,413,192,71,-1,-1
300,1853,1487,599,435,352,-1,-1
300,1855,1890,413,192,71,-1,-1
301,1853,1487,599,435,352,-1,-1
301,1855,1890,413,192,71,-1,-1
302,1853,1487,599,435,352,-1,-1
302,1855,1890,413,192,71,-1,-1
303,1853,1487,599,435,352,-1,-1
303,1855,1890,413,191,71,-1,-1
304,1853,1488,599,434,353,-1,-1
304,1855,1890,413,191,71,-1,-1
305,1853,1488,598,434,353,-1,-1
305,1855,1890,413,191,71,-1,-1
306,1853,1489,598,433,353,-1,-1
306,1855,1890,413,191,71,-1,-1
307,1853,1490,597,432,354,-1,-1
307,1855,1890,413,191,71,-1,-1
308,1853,1491,597,431,354,-1,-1
308,1855,1890,413,191,71,-1,-1
309,1853,1492,596,430,354,-1,-1
309,1855,1890,413,191,71,-1,-1
310,1853,1494,595,428,355,-1,-1
310,1855,1890,413,191,71,-1,-1
311,1853,1496,595,427,355,-1,-1
311,1855,1890,413,191,71,-1,-1
312,1853,1497,595,426,355,-1,-1
312,1855,1890,413,191,71,-1,-1
313,1853,1498,594,424,356,-1,-1
313,1855,1890,413,191,71,-1,-1
314,1853,1499,594,423,356,-1,-1
314,1855,1890,413,192,71,-1,-1
315,1853,1500,594,422,356,-1,-1
315,1855,1890,413,192,71,-1,-1
316,1853,1500,594,422,356,-1,-1
316,1855,1890,413,192,71,-1,-1
317,1853,1500,594,422,356,-1,-1
317,1855,1890,413,192,71,-1,-1
318,1853,1499,594,423,355,-1,-1
318,1855,1890,413,192,71,-1,-1
319,1853,1498,594,424,355,-1,-1
319,1855,1890,413,193,71,-1,-1
320,1853,1496,595,425,355,-1,-1
320,1855,1890,413,193,71,-1,-1
321,1853,1495,595,427,355,-1,-1
321,1855,1890,413,193,71,-1,-1
322,1853,1493,596,429,354,-1,-1
322,1855,1890,413,193,71,-1,-1
323,1853,1491,597,431,354,-1,-1
323,1855,1890,413,192,71,-1,-1
324,1853,1490,597,432,353,-1,-1
324,1855,1890,413,192,71,-1,-1
325,1853,1488,597,433,353,-1,-1
325,1855,1890,413,192,71,-1,-1
326,1853,1487,598,434,353,-1,-1
326,1855,1890,413,191,71,-1,-1
327,1853,1487,598,434,353,-1,-1
327,1855,1890,413,191,71,-1,-1
328,1853,1486,598,434,353,-1,-1
328,1855,1890,413,190,71,-1,-1
329,1853,1486,598,434,353,-1,-1
329,1855,1890,413,190,71,-1,-1
330,1853,1487,598,433,353,-1,-1
330,1855,1890,413,190,71,-1,-1
331,1853,1488,598,432,353,-1,-1
331,1855,1890,413,189,71,-1,-1
332,1853,1489,597,431,353,-1,-1
332,1855,1890,413,189,71,-1,-1
333,1853,1490,597,430,353,-1,-1
333,1855,1890,413,189,71,-1,-1
334,1853,1491,596,429,354,-1,-1
334,1855,1890,413,190,71,-1,-1
335,1853,1493,596,428,354,-1,-1
335,1855,1890,413,190,71,-1,-1
336,1853,1494,595,426,354,-1,-1
336,1855,1890,413,190,71,-1,-1
337,1853,1496,594,424,355,-1,-1
337,1855,1890,413,191,71,-1,-1
338,1853,1497,594,423,355,-1,-1
338,1855,1890,413,191,71,-1,-1
339,1853,1498,593,422,356,-1,-1
339,1855,1890,413,191,71,-1,-1
340,1853,1499,593,421,356,-1,-1
340,1855,1890,413,192,71,-1,-1
341,1853,1499,592,421,356,-1,-1
341,1855,1890,413,192,71,-1,-1
342,1853,1499,592,421,357,-1,-1
342,1855,1890,413,192,71,-1,-1
343,1853,1499,591,421,357,-1,-1
343,1855,1890,413,192,71,-1,-1
344,1853,1499,591,421,357,-1,-1
344,1855,1890,413,192,71,-1,-1
345,1853,1499,591,421,357,-1,-1
345,1855,1890,413,192,71,-1,-1
346,1853,1499,590,421,357,-1,-1
346,1855,1890,413,192,71,-1,-1
347,1853,1499,590,422,357,-1,-1
347,1855,1890,413,192,71,-1,-1
348,1853,1498,590,422,358,-1,-1
348,1855,1890,413,192,71,-1,-1
349,1853,1497,590,423,358,-1,-1
349,1855,1890,413,192,71,-1,-1
350,1853,1497,590,423,358,-1,-1
350,1855,1890,413,192,71,-1,-1
351,1853,1496,591,424,358,-1,-1
351,1855,1890,413,192,71,-1,-1
352,1853,1495,591,424,358,-1,-1
352,1855,1890,413,192,71,-1,-1
353,1853,1494,591,424,358,-1,-1
353,1855,1890,413,192,71,-1,-1
354,1853,1493,591,424,358,-1,-1
354,1855,1890,413,192,71,-1,-1
355,1853,1492,592,425,358,-1,-1
355,1855,1890,413,192,71,-1,-1
356,1853,1491,592,426,358,-1,-1
356,1855,1890,413,192,71,-1,-1
357,1853,1490,593,428,358,-1,-1
357,1855,1890,413,193,71,-1,-1
358,1853,1489,594,430,357,-1,-1
358,1855,1890,413,193,71,-1,-1
359,1853,1488,594,432,357,-1,-1
359,1855,1890,413,192,71,-1,-1
360,1853,1487,595,434,357,-1,-1
360,1855,1890,413,192,71,-1,-1
361,1853,1486,596,435,356,-1,-1
361,1855,1890,413,192,71,-1,-1
362,1853,1486,596,436,356,-1,-1
362,1855,1890,413,192,71,-1,-1
363,1853,1485,597,437,355,-1,-1
363,1855,1890,413,192,71,-1,-1
364,1853,1485,598,437,355,-1,-1
364,1855,1890,413,192,71,-1,-1
365,1853,1485,598,436,354,-1,-1
365,1855,1890,413,192,71,-1,-1
366,1853,1486,599,435,353,-1,-1
366,1855,1890,413,192,71,-1,-1
367,1853,1486,599,434,353,-1,-1
367,1855,1890,413,192,71,-1,-1
368,1853,1486,600,434,352,-1,-1
368,1855,1890,413,192,71,-1,-1
369,1853,1487,600,433,352,-1,-1
369,1855,1890,413,192,71,-1,-1
370,1853,1487,600,433,351,-1,-1
370,1855,1890,413,192,71,-1,-1
371,1853,1487,600,432,351,-1,-1
371,1855,1890,413,193,71,-1,-1
372,1853,1487,600,432,351,-1,-1
372,1855,1890,413,193,71,-1,-1
373,1853,1488,599,432,351,-1,-1
373,1855,1890,413,193,71,-1,-1
374,1853,1488,599,432,351,-1,-1
374,1855,1890,413,193,71,-1,-1
375,1853,1488,598,432,351,-1,-1
375,1855,1890,413,193,71,-1,-1
376,1853,1488,597,431,351,-1,-1
376,1855,1890,413,193,71,-1,-1
377,1853,1488,596,431,352,-1,-1
377,1855,1890,413,193,71,-1,-1
378,1853,1489,595,430,353,-1,-1
378,1855,1890,413,193,71,-1,-1
379,1853,1489,594,429,354,-1,-1
379,1855,1890,413,192,71,-1,-1
380,1853,1490,593,428,355,-1,-1
380,1855,1890,413,192,71,-1,-1
381,1853,1491,592,427,356,-1,-1
381,1855,1890,413,192,71,-1,-1
382,1853,1492,591,427,358,-1,-1
382,1855,1890,413,192,71,-1,-1
383,1853,1492,590,428,359,-1,-1
383,1855,1890,413,192,71,-1,-1
384,1853,1493,589,430,361,-1,-1
384,1855,1890,413,191,71,-1,-1
385,1853,1493,589,433,362,-1,-1
385,1855,1890,413,191,71,-1,-1
386,1853,1493,589,436,364,-1,-1
386,1855,1890,413,191,71,-1,-1
387,1853,1493,589,440,366,-1,-1
387,1855,1890,413,190,71,-1,-1
388,1853,1494,590,445,369,-1,-1
388,1855,1890,413,190,71,-1,-1
389,1853,1494,592,452,371,-1,-1
389,1855,1890,413,190,71,-1,-1
390,1853,1494,594,462,374,-1,-1
390,1855,1890,413,190,71,-1,-1
391,1853,1494,597,475,377,-1,-1
391,1855,1890,413,189,71,-1,-1
392,1853,1495,601,490,380,-1,-1
392,1855,1890,413,189,71,-1,-1
393,1853,1497,605,507,383,-1,-1
393,1855,1890,413,189,71,-1,-1
394,1853,1499,610,525,387,-1,-1
394,1855,1890,413,189,71,-1,-1
395,1853,1503,616,544,391,-1,-1
395,1855,1890,413,189,71,-1,-1
396,1853,1508,622,564,396,-1,-1
396,1855,1890,413,190,71,-1,-1
397,1853,1514,629,587,401,-1,-1
397,1855,1890,413,190,71,-1,-1
398,1853,1522,637,616,407,-1,-1
398,1855,1890,413,190,71,-1,-1
399,1853,1532,645,650,413,-1,-1
399,1855,1890,413,190,71,-1,-1
400,1853,1544,654,691,420,-1,-1
400,1855,1890,413,190,71,-1,-1
401,1853,1560,663,736,428,-1,-1
401,1855,1890,413,190,71,-1,-1
402,1853,1578,673,784,436,-1,-1
402,1855,1890,413,190,71,-1,-1
403,1853,1601,683,827,445,-1,-1
403,1855,1890,413,190,71,-1,-1
404,1853,1626,693,859,455,-1,-1
404,1855,1890,413,190,71,-1,-1
405,1853,1656,704,871,465,-1,-1
405,1855,1890,413,190,71,-1,-1
406,1853,1689,715,861,477,-1,-1
406,1855,1890,413,190,71,-1,-1
407,1853,1726,726,830,488,-1,-1
407,1855,1890,413,190,71,-1,-1
408,1853,1765,737,783,501,-1,-1
408,1855,1890,413,190,71,-1,-1
409,1855,1890,413,191,71,-1,-1
410,1855,1890,413,191,71,-1,-1
411,1855,1890,413,191,71,-1,-1
412,1855,1890,413,192,71,-1,-1
413,1855,1890,413,192,71,-1,-1
414,1855,1890,413,192,71,-1,-1
415,1855,1890,413,193,71,-1,-1
416,1855,1890,413,194,71,-1,-1
417,1855,1890,413,194,71,-1,-1
418,1855,1890,413,195,71,-1,-1
419,1855,1890,413,195,71,-1,-1
420,1855,1890,413,195,71,-1,-1
421,1855,1890,413,196,71,-1,-1
422,1855,1890,413,196,71,-1,-1
423,1855,1890,413,195,71,-1,-1
424,1855,1890,413,195,71,-1,-1
425,1855,1890,413,195,71,-1,-1
426,1855,1890,413,194,71,-1,-1
427,1855,1890,413,194,71,-1,-1
428,1855,1890,413,194,71,-1,-1
429,1855,1890,413,193,71,-1,-1
430,1855,1890,413,193,71,-1,-1
431,1855,1890,413,193,71,-1,-1
432,1855,1890,413,192,71,-1,-1
433,1855,1890,413,192,71,-1,-1
434,1855,1890,413,192,71,-1,-1
435,1855,1890,413,192,71,-1,-1
436,1855,1890,413,192,71,-1,-1
437,1855,1890,413,192,71,-1,-1
438,1855,1890,413,192,71,-1,-1
439,1855,1890,413,192,71,-1,-1
440,1855,1890,413,192,71,-1,-1
441,1855,1890,413,192,71,-1,-1
442,1855,1890,413,192,71,-1,-1
443,1855,1890,413,192,71,-1,-1
444,1855,1890,413,192,71,-1,-1
445,1855,1890,413,192,71,-1,-1
446,1855,1890,413,192,71,-1,-1
447,1855,1890,413,192,71,-1,-1
448,1855,1890,413,192,71,-1,-1
449,1855,1890,413,192,71,-1,-1
450,1855,1890,413,192,71,-1,-1
451,1855,1890,413,192,71,-1,-1
452,1855,1890,412,193,71,-1,-1
453,1855,1890,412,193,71,-1,-1
454,1855,1890,412,193,71,-1,-1
455,1855,1890,412,193,71,-1,-1
456,1855,1890,412,193,71,-1,-1
457,1855,1890,412,193,71,-1,-1
458,1855,1890,412,193,71,-1,-1
459,1855,1890,412,193,71,-1,-1
460,1855,1890,412,193,71,-1,-1
