1,1900,1431,245,257,169,-1,-1
1,1904,494,82,141,95,-1,-1
1,1906,1138,60,130,99,-1,-1
1,1907,1623,312,291,206,-1,-1
1,1910,1160,147,181,130,-1,-1
2,1900,1431,245,258,169,-1,-1
2,1904,494,82,141,95,-1,-1
2,1906,1137,60,131,99,-1,-1
2,1907,1623,312,291,206,-1,-1
2,1910,1159,147,181,130,-1,-1
3,1900,1431,245,258,169,-1,-1
3,1901,961,62,68,54,-1,-1
3,1904,494,82,141,95,-1,-1
3,1906,1136,60,132,99,-1,-1
3,1907,1623,312,291,206,-1,-1
3,1910,1159,147,181,130,-1,-1
4,1900,1430,245,258,169,-1,-1
4,1901,961,62,68,54,-1,-1
4,1904,494,82,141,95,-1,-1
4,1906,1134,60,134,99,-1,-1
4,1907,1623,312,291,206,-1,-1
4,1910,1159,147,182,130,-1,-1
5,1900,1430,245,258,169,-1,-1
5,1901,961,62,68,54,-1,-1
5,1904,494,82,141,95,-1,-1
5,1906,1133,60,136,99,-1,-1
5,1907,1623,312,291,206,-1,-1
5,1910,1159,147,182,130,-1,-1
6,1900,1430,245,258,169,-1,-1
6,1901,961,62,68,54,-1,-1
6,1904,494,82,141,95,-1,-1
6,1906,1132,60,138,99,-1,-1
6,1907,1623,312,291,206,-1,-1
6,1910,1159,147,182,130,-1,-1
7,1900,1430,245,258,169,-1,-1
7,1901,961,62,68,54,-1,-1
7,1904,494,82,141,95,-1,-1
7,1906,1131,60,140,99,-1,-1
7,1907,1623,312,291,206,-1,-1
7,1910,1159,147,182,130,-1,-1
8,1900,1430,245,258,169,-1,-1
8,1901,961,62,68,54,-1,-1
8,1904,494,82,140,95,-1,-1
8,1906,1131,60,142,98,-1,-1
8,1907,1623,312,291,206,-1,-1
8,1910,1159,147,182,130,-1,-1
9,1900,1430,245,258,170,-1,-1
9,1901,961,62,68,54,-1,-1
9,1904,494,82,140,95,-1,-1
9,1906,1132,60,145,98,-1,-1
9,1907,1623,312,291,206,-1,-1
9,1910,1159,147,181,130,-1,-1
10,1900,1430,245,258,170,-1,-1
10,1901,961,62,68,54,-1,-1
10,1904,494,82,140,95,-1,-1
10,1906,1132,60,148,98,-1,-1
10,1907,1623,312,291,206,-1,-1
10,1910,1159,147,181,130,-1,-1
11,1900,1430,245,258,170,-1,-1
11,1901,961,62,68,54,-1,-1
11,1904,494,82,140,95,-1,-1
11,1906,1133,60,151,98,-1,-1
11,1907,1623,312,291,206,-1,-1
11,1910,1159,147,181,130,-1,-1
12,1900,1430,245,258,170,-1,-1
12,1901,961,62,68,54,-1,-1
12,1904,494,82,140,95,-1,-1
12,1906,1134,60,154,98,-1,-1
12,1907,1623,312,291,206,-1,-1
12,1910,1159,147,181,130,-1,-1
13,1900,1430,245,257,169,-1,-1
13,1901,961,62,68,54,-1,-1
13,1904,494,82,140,95,-1,-1
13,1906,1135,60,157,98,-1,-1
13,1907,1623,312,291,206,-1,-1
13,1910,1160,147,181,130,-1,-1
14,1900,1430,245,257,169,-1,-1
14,1901,961,62,67,54,-1,-1
14,1904,494,82,139,95,-1,-1
14,1906,1136,60,159,97,-1,-1
14,1907,1623,312,291,206,-1,-1
14,1910,1159,147,181,130,-1,-1
15,1900,1430,245,257,169,-1,-1
15,1901,961,62,67,54,-1,-1
15,1904,494,82,139,95,-1,-1
15,1906,1137,60,159,97,-1,-1
15,1907,1623,312,291,206,-1,-1
15,1910,1159,147,181,130,-1,-1
16,1900,1430,245,257,169,-1,-1
16,1901,962,62,67,54,-1,-1
16,1904,494,82,139,95,-1,-1
16,1906,1138,60,156,97,-1,-1
16,1907,1623,312,291,206,-1,-1
16,1910,1159,147,181,130,-1,-1
17,1900,1430,245,257,170,-1,-1
17,1901,962,62,66,54,-1,-1
17,1904,494,82,139,95,-1,-1
17,1906,1140,60,151,97,-1,-1
17,1907,1623,312,291,206,-1,-1
17,1910,1159,147,181,130,-1,-1
18,1900,1431,245,257,170,-1,-1
18,1901,963,62,65,54,-1,-1
18,1904,494,82,139,95,-1,-1
18,1906,1140,60,144,97,-1,-1
18,1907,1623,312,291,206,-1,-1
18,1910,1159,147,182,130,-1,-1
19,1900,1431,245,257,170,-1,-1
19,1901,964,62,65,54,-1,-1
19,1847,1086,100,57,50,-1,-1
19,1904,494,82,139,95,-1,-1
19,1906,1139,60,139,96,-1,-1
19,1907,1623,312,291,206,-1,-1
19,1910,1159,147,182,130,-1,-1
20,1900,1431,245,257,170,-1,-1
20,1901,964,62,64,54,-1,-1
20,1847,1077,96,71,55,-1,-1
20,1904,494,82,139,95,-1,-1
20,1906,1134,60,139,96,-1,-1
20,1907,1623,312,291,206,-1,-1
20,1910,1159,147,182,130,-1,-1
21,1900,1432,245,257,170,-1,-1
21,1901,964,62,64,54,-1,-1
21,1902,899,60,120,64,-1,-1
21,1847,1067,93,85,59,-1,-1
21,1904,494,82,139,95,-1,-1
21,1906,1123,60,144,96,-1,-1
21,1907,1623,312,291,206,-1,-1
21,1910,1159,147,182,130,-1,-1
22,1900,1433,245,257,170,-1,-1
22,1901,964,62,64,54,-1,-1
22,1902,899,60,119,64,-1,-1
22,1847,1057,90,99,63,-1,-1
22,1904,494,82,139,95,-1,-1
22,1906,1109,60,155,96,-1,-1
22,1907,1623,312,291,206,-1,-1
22,1910,1159,147,182,130,-1,-1
23,1900,1434,245,256,170,-1,-1
23,1901,964,62,64,54,-1,-1
23,1902,898,60,119,64,-1,-1
23,1847,1047,87,113,66,-1,-1
23,1904,494,82,139,95,-1,-1
23,1906,1096,60,164,95,-1,-1
23,1907,1623,312,291,206,-1,-1
23,1910,1159,147,182,130,-1,-1
24,1900,1435,245,255,171,-1,-1
24,1901,963,62,65,54,-1,-1
24,1902,898,60,118,64,-1,-1
24,1847,1035,84,127,69,-1,-1
24,1904,494,82,139,95,-1,-1
24,1906,1091,60,168,95,-1,-1
24,1907,1623,312,291,206,-1,-1
24,1910,1159,147,182,130,-1,-1
25,1900,1436,245,255,172,-1,-1
25,1901,962,62,67,54,-1,-1
25,1902,898,60,118,63,-1,-1
25,1847,1023,82,141,72,-1,-1
25,1904,495,82,139,95,-1,-1
25,1906,1095,60,163,95,-1,-1
25,1907,1623,312,291,206,-1,-1
25,1910,1159,147,182,130,-1,-1
26,1900,1437,245,254,172,-1,-1
26,1901,960,62,68,54,-1,-1
26,1902,898,60,117,63,-1,-1
26,1847,1011,80,155,75,-1,-1
26,1904,495,82,139,95,-1,-1
26,1906,1108,60,150,95,-1,-1
26,1907,1623,312,291,206,-1,-1
26,1910,1159,147,182,130,-1,-1
27,1900,1437,245,254,172,-1,-1
27,1901,958,62,71,54,-1,-1
27,1902,898,60,117,63,-1,-1
27,1847,998,78,167,78,-1,-1
27,1904,495,82,139,95,-1,-1
27,1906,1123,60,136,94,-1,-1
27,1907,1623,312,291,206,-1,-1
27,1910,1159,147,182,130,-1,-1
28,1900,1437,245,254,172,-1,-1
28,1901,955,62,73,54,-1,-1
28,1902,898,60,116,63,-1,-1
28,1847,984,76,179,80,-1,-1
28,1904,495,82,139,95,-1,-1
28,1906,1135,60,123,94,-1,-1
28,1907,1623,312,291,206,-1,-1
28,1910,1159,147,182,130,-1,-1
29,1900,1437,245,254,172,-1,-1
29,1901,952,62,76,54,-1,-1
29,1902,898,60,115,62,-1,-1
29,1847,970,75,190,81,-1,-1
29,1904,495,82,139,95,-1,-1
29,1906,1142,60,117,94,-1,-1
29,1907,1623,312,291,206,-1,-1
29,1910,1159,147,182,130,-1,-1
30,1900,1436,245,255,171,-1,-1
30,1901,949,62,79,54,-1,-1
30,1902,898,60,115,62,-1,-1
30,1847,956,74,199,82,-1,-1
30,1904,495,82,139,95,-1,-1
30,1906,1144,60,114,94,-1,-1
30,1907,1623,312,291,206,-1,-1
30,1910,1159,147,182,130,-1,-1
31,1900,1435,245,255,171,-1,-1
31,1901,946,62,83,54,-1,-1
31,1847,941,73,207,83,-1,-1
31,1904,495,82,139,95,-1,-1
31,1906,1143,59,115,93,-1,-1
31,1907,1623,312,291,206,-1,-1
31,1910,1159,147,182,130,-1,-1
32,1900,1434,245,256,170,-1,-1
32,1901,942,62,86,54,-1,-1
32,1847,927,72,213,83,-1,-1
32,1904,495,82,140,95,-1,-1
32,1906,1141,59,116,93,-1,-1
32,1907,1623,312,291,206,-1,-1
32,1910,1159,147,182,130,-1,-1
33,1900,1433,245,256,170,-1,-1
33,1901,939,62,89,54,-1,-1
33,1847,912,71,216,83,-1,-1
33,1904,495,82,140,95,-1,-1
33,1906,1140,59,116,93,-1,-1
33,1907,1623,312,291,206,-1,-1
33,1910,1159,147,182,130,-1,-1
34,1900,1432,245,257,170,-1,-1
34,1901,935,62,93,54,-1,-1
34,1847,898,71,217,83,-1,-1
34,1904,495,82,140,95,-1,-1
34,1906,1140,59,115,93,-1,-1
34,1907,1623,312,291,206,-1,-1
34,1910,1159,146,182,130,-1,-1
35,1900,1432,245,257,170,-1,-1
35,1901,932,62,96,54,-1,-1
35,1847,885,71,216,83,-1,-1
35,1904,495,82,140,95,-1,-1
35,1906,1140,59,114,92,-1,-1
35,1907,1623,312,291,206,-1,-1
35,1910,1159,146,182,130,-1,-1
36,1900,1431,245,257,170,-1,-1
36,1901,929,62,99,54,-1,-1
36,1847,872,70,213,83,-1,-1
36,1904,495,82,140,95,-1,-1
36,1906,1141,59,114,92,-1,-1
36,1907,1623,312,291,206,-1,-1
36,1910,1159,146,182,130,-1,-1
37,1900,1431,245,256,170,-1,-1
37,1901,926,62,102,54,-1,-1
37,1847,860,70,208,83,-1,-1
37,1904,495,82,140,95,-1,-1
37,1906,1141,59,113,92,-1,-1
37,1907,1623,312,291,206,-1,-1
37,1910,1159,146,181,130,-1,-1
38,1900,1431,245,256,170,-1,-1
38,1901,924,62,104,54,-1,-1
38,1847,850,70,202,84,-1,-1
38,1904,495,82,140,94,-1,-1
38,1906,1141,59,113,92,-1,-1
38,1907,1623,312,291,206,-1,-1
38,1910,1160,146,181,130,-1,-1
39,1900,1431,245,256,170,-1,-1
39,1901,922,62,106,54,-1,-1
39,1847,840,71,195,84,-1,-1
39,1904,495,82,140,94,-1,-1
39,1906,1142,59,113,92,-1,-1
39,1907,1623,312,291,206,-1,-1
39,1910,1160,146,181,130,-1,-1
40,1900,1431,245,256,170,-1,-1
40,1901,920,62,108,54,-1,-1
40,1847,831,71,187,84,-1,-1
40,1904,495,82,140,94,-1,-1
40,1906,1143,59,114,91,-1,-1
40,1907,1623,312,291,206,-1,-1
40,1910,1160,146,181,130,-1,-1
41,1900,1431,245,256,170,-1,-1
41,1901,919,62,109,54,-1,-1
41,1847,823,71,179,85,-1,-1
41,1904,495,82,140,94,-1,-1
41,1906,1144,59,114,91,-1,-1
41,1907,1623,312,291,206,-1,-1
41,1910,1160,146,181,130,-1,-1
42,1900,1431,245,256,170,-1,-1
42,1901,918,62,110,54,-1,-1
42,1847,816,71,172,86,-1,-1
42,1904,495,82,140,94,-1,-1
42,1906,1145,59,114,91,-1,-1
42,1907,1623,312,291,206,-1,-1
42,1910,1160,146,181,130,-1,-1
43,1900,1431,245,255,170,-1,-1
43,1901,917,62,111,54,-1,-1
43,1847,809,72,165,86,-1,-1
43,1904,495,82,140,94,-1,-1
43,1906,1145,59,115,91,-1,-1
43,1907,1623,312,291,206,-1,-1
43,1910,1160,146,181,130,-1,-1
44,1900,1431,245,255,170,-1,-1
44,1901,917,62,111,54,-1,-1
44,1847,803,72,158,87,-1,-1
44,1904,495,82,140,94,-1,-1
44,1906,1145,59,116,91,-1,-1
44,1907,1623,312,291,206,-1,-1
44,1910,1160,146,181,131,-1,-1
45,1900,1431,245,255,170,-1,-1
45,1901,916,62,112,54,-1,-1
45,1847,797,73,153,87,-1,-1
45,1904,495,82,140,94,-1,-1
45,1906,1145,59,117,91,-1,-1
45,1907,1623,312,291,206,-1,-1
45,1910,1160,146,181,131,-1,-1
46,1900,1432,245,255,170,-1,-1
46,1901,915,62,113,54,-1,-1
46,1847,791,73,148,88,-1,-1
46,1904,495,82,140,94,-1,-1
46,1906,1145,59,117,90,-1,-1
46,1907,1623,312,291,206,-1,-1
46,1910,1160,146,181,131,-1,-1
47,1900,1432,245,255,170,-1,-1
47,1901,914,62,113,54,-1,-1
47,1847,785,73,144,88,-1,-1
47,1904,495,82,139,94,-1,-1
47,1906,1144,59,118,90,-1,-1
47,1907,1623,312,291,206,-1,-1
47,1910,1160,146,181,131,-1,-1
48,1900,1432,245,255,170,-1,-1
48,1901,914,62,114,54,-1,-1
48,1847,780,74,141,88,-1,-1
48,1904,495,82,139,94,-1,-1
48,1906,1144,59,118,90,-1,-1
48,1907,1623,312,291,206,-1,-1
48,1910,1160,146,181,131,-1,-1
49,1900,1432,245,255,171,-1,-1
49,1901,913,62,115,54,-1,-1
49,1847,774,74,139,88,-1,-1
49,1904,495,82,139,94,-1,-1
49,1906,1145,59,117,90,-1,-1
49,1907,1623,312,291,206,-1,-1
49,1910,1160,146,181,131,-1,-1
50,1900,1432,245,255,171,-1,-1
50,1901,913,62,115,54,-1,-1
50,1847,768,75,138,88,-1,-1
50,1904,495,82,139,94,-1,-1
50,1906,1145,59,117,90,-1,-1
50,1907,1623,312,291,206,-1,-1
50,1910,1160,146,180,131,-1,-1
51,1900,1432,245,255,171,-1,-1
51,1901,914,62,114,54,-1,-1
51,1847,763,75,136,89,-1,-1
51,1904,495,82,139,94,-1,-1
51,1906,1145,59,116,90,-1,-1
51,1907,1623,312,291,206,-1,-1
51,1910,1161,146,180,131,-1,-1
52,1900,1432,245,255,171,-1,-1
52,1901,914,62,113,54,-1,-1
52,1847,757,75,136,89,-1,-1
52,1904,495,82,139,94,-1,-1
52,1906,1144,59,115,90,-1,-1
52,1907,1623,312,291,206,-1,-1
52,1910,1161,146,180,131,-1,-1
53,1900,1431,245,255,171,-1,-1
53,1901,916,62,112,54,-1,-1
53,1847,751,76,135,89,-1,-1
53,1904,495,82,139,94,-1,-1
53,1906,1143,59,115,90,-1,-1
53,1907,1623,312,291,206,-1,-1
53,1910,1161,146,180,131,-1,-1
54,1900,1431,245,256,171,-1,-1
54,1901,918,62,110,54,-1,-1
54,1847,745,76,135,89,-1,-1
54,1904,495,82,139,94,-1,-1
54,1906,1142,59,114,89,-1,-1
54,1907,1623,312,291,206,-1,-1
54,1809,1727,498,180,465,-1,-1
54,1910,1161,146,180,131,-1,-1
55,1900,1431,245,256,172,-1,-1
55,1901,921,62,107,54,-1,-1
55,1847,739,76,135,89,-1,-1
55,1904,495,82,139,94,-1,-1
55,1906,1141,59,114,89,-1,-1
55,1907,1623,312,291,206,-1,-1
55,1809,1678,471,230,474,-1,-1
55,1910,1161,146,180,131,-1,-1
56,1900,1431,245,257,172,-1,-1
56,1901,924,62,104,54,-1,-1
56,1847,733,76,135,89,-1,-1
56,1904,495,82,139,94,-1,-1
56,1906,1140,59,114,89,-1,-1
56,1907,1623,312,291,206,-1,-1
56,1809,1631,443,279,480,-1,-1
56,1910,1161,146,180,131,-1,-1
57,1900,1430,245,257,171,-1,-1
57,1901,927,62,100,54,-1,-1
57,1847,727,77,135,89,-1,-1
57,1904,495,82,139,94,-1,-1
57,1906,1139,59,114,89,-1,-1
57,1907,1623,312,291,206,-1,-1
57,1809,1585,417,327,484,-1,-1
57,1910,1161,146,180,131,-1,-1
58,1900,1430,245,258,171,-1,-1
58,1901,931,62,96,54,-1,-1
58,1847,722,77,135,89,-1,-1
58,1904,495,82,139,94,-1,-1
58,1906,1138,59,114,89,-1,-1
58,1907,1623,312,291,206,-1,-1
58,1809,1542,393,373,484,-1,-1
58,1910,1161,146,180,131,-1,-1
59,1900,1429,245,259,171,-1,-1
59,1901,935,62,93,54,-1,-1
59,1847,716,77,134,89,-1,-1
59,1904,495,82,139,94,-1,-1
59,1906,1137,59,115,89,-1,-1
59,1907,1623,312,291,206,-1,-1
59,1809,1500,372,416,480,-1,-1
59,1910,1161,146,180,131,-1,-1
60,1900,1429,245,259,168,-1,-1
60,1901,939,62,89,54,-1,-1
60,1847,710,78,134,89,-1,-1
60,1904,495,82,139,94,-1,-1
60,1906,1135,59,117,89,-1,-1
60,1907,1623,312,291,206,-1,-1
60,1809,1461,354,454,472,-1,-1
60,1910,1161,146,180,131,-1,-1
61,1900,1429,245,259,162,-1,-1
61,1901,943,62,85,54,-1,-1
61,1847,704,78,133,90,-1,-1
61,1904,495,82,139,94,-1,-1
61,1906,1134,59,118,89,-1,-1
61,1907,1623,312,291,206,-1,-1
61,1809,1424,339,486,460,-1,-1
61,1910,1161,146,180,131,-1,-1
62,1900,1430,245,259,151,-1,-1
62,1901,946,62,81,54,-1,-1
62,1847,699,78,133,90,-1,-1
62,1904,495,82,139,94,-1,-1
62,1906,1132,59,120,89,-1,-1
62,1907,1623,312,291,206,-1,-1
62,1809,1389,327,509,445,-1,-1
62,1910,1161,146,180,131,-1,-1
63,1900,1432,245,257,137,-1,-1
63,1901,950,62,78,54,-1,-1
63,1847,694,78,132,90,-1,-1
63,1904,495,82,139,94,-1,-1
63,1906,1132,59,120,89,-1,-1
63,1907,1623,312,291,206,-1,-1
63,1809,1356,317,523,428,-1,-1
63,1910,1160,146,181,131,-1,-1
64,1900,1435,245,255,124,-1,-1
64,1901,953,62,74,54,-1,-1
64,1847,688,79,132,90,-1,-1
64,1904,495,82,139,94,-1,-1
64,1905,1119,62,44,48,-1,-1
64,1906,1131,59,121,89,-1,-1
64,1907,1623,312,291,206,-1,-1
64,1809,1326,308,527,409,-1,-1
64,1910,1160,146,181,131,-1,-1
65,1900,1439,245,252,117,-1,-1
65,1901,956,62,72,54,-1,-1
65,1847,683,79,132,91,-1,-1
65,1904,495,82,138,94,-1,-1
65,1905,1115,62,48,49,-1,-1
65,1906,1130,59,122,89,-1,-1
65,1907,1623,312,291,207,-1,-1
65,1809,1298,301,521,390,-1,-1
65,1910,1160,146,181,131,-1,-1
66,1900,1443,245,248,118,-1,-1
66,1901,958,62,69,54,-1,-1
66,1847,678,79,132,91,-1,-1
66,1904,495,82,138,94,-1,-1
66,1905,1110,62,50,49,-1,-1
66,1906,1130,59,123,89,-1,-1
66,1907,1623,312,291,207,-1,-1
66,1809,1272,294,507,371,-1,-1
66,1910,1160,146,181,131,-1,-1
67,1900,1447,245,244,125,-1,-1
67,1901,960,62,68,54,-1,-1
67,1847,674,80,133,92,-1,-1
67,1904,495,82,138,94,-1,-1
67,1905,1107,62,53,50,-1,-1
67,1906,1130,59,123,88,-1,-1
67,1907,1623,312,291,207,-1,-1
67,1809,1248,287,488,354,-1,-1
67,1910,1160,146,181,131,-1,-1
68,1900,1451,245,241,134,-1,-1
68,1901,961,62,66,54,-1,-1
68,1847,669,80,133,93,-1,-1
68,1904,495,82,137,94,-1,-1
68,1905,1104,62,55,50,-1,-1
68,1906,1132,59,122,88,-1,-1
68,1907,1623,312,291,207,-1,-1
68,1809,1225,279,467,339,-1,-1
68,1910,1161,146,180,131,-1,-1
69,1900,1453,245,239,144,-1,-1
69,1901,962,62,65,54,-1,-1
69,1847,664,80,134,93,-1,-1
69,1904,495,82,137,94,-1,-1
69,1905,1101,62,57,51,-1,-1
69,1906,1134,59,121,88,-1,-1
69,1907,1623,312,291,207,-1,-1
69,1809,1204,270,445,326,-1,-1
69,1910,1162,146,179,131,-1,-1
70,1900,1455,245,238,154,-1,-1
70,1901,963,62,65,54,-1,-1
70,1847,660,81,134,94,-1,-1
70,1904,495,82,136,94,-1,-1
70,1905,1098,62,59,51,-1,-1
70,1906,1138,59,118,88,-1,-1
70,1907,1623,312,291,207,-1,-1
70,1809,1185,260,424,316,-1,-1
70,1910,1163,146,178,131,-1,-1
71,1900,1455,245,238,162,-1,-1
71,1901,963,62,64,54,-1,-1
71,1847,655,81,135,95,-1,-1
71,1904,495,82,136,94,-1,-1
71,1905,1095,63,60,51,-1,-1
71,1906,1141,59,116,88,-1,-1
71,1907,1623,312,291,207,-1,-1
71,1809,1166,249,404,307,-1,-1
71,1910,1165,146,176,131,-1,-1
72,1900,1454,245,240,167,-1,-1
72,1901,963,62,64,54,-1,-1
72,1847,651,81,135,95,-1,-1
72,1904,495,82,135,94,-1,-1
72,1905,1092,63,63,52,-1,-1
72,1906,1144,59,114,88,-1,-1
72,1907,1623,312,291,207,-1,-1
72,1809,1148,238,385,301,-1,-1
72,1910,1168,146,173,131,-1,-1
73,1900,1452,245,242,169,-1,-1
73,1901,963,62,64,54,-1,-1
73,1847,646,81,135,96,-1,-1
73,1904,495,82,134,94,-1,-1
73,1905,1089,63,65,52,-1,-1
73,1906,1145,59,113,88,-1,-1
73,1907,1623,312,291,207,-1,-1
73,1809,1131,227,369,295,-1,-1
73,1910,1171,146,170,131,-1,-1
74,1900,1450,245,244,171,-1,-1
74,1901,963,62,65,54,-1,-1
74,1847,641,81,135,97,-1,-1
74,1904,495,82,134,94,-1,-1
74,1905,1085,63,67,53,-1,-1
74,1906,1146,59,113,88,-1,-1
74,1907,1623,312,291,207,-1,-1
74,1809,1114,216,354,290,-1,-1
74,1910,1175,146,166,131,-1,-1
75,1900,1448,245,246,172,-1,-1
75,1901,963,62,65,54,-1,-1
75,1847,636,82,136,98,-1,-1
75,1904,495,82,133,94,-1,-1
75,1905,1081,63,69,53,-1,-1
75,1906,1146,59,114,88,-1,-1
75,1907,1623,312,291,207,-1,-1
75,1809,1097,207,342,284,-1,-1
75,1910,1179,146,162,131,-1,-1
76,1900,1446,245,248,172,-1,-1
76,1901,962,62,65,54,-1,-1
76,1847,631,82,135,99,-1,-1
76,1904,495,82,132,94,-1,-1
76,1905,1078,63,71,54,-1,-1
76,1906,1145,59,114,89,-1,-1
76,1907,1623,312,291,207,-1,-1
76,1809,1081,198,331,278,-1,-1
76,1910,1183,146,158,131,-1,-1
77,1900,1445,245,250,173,-1,-1
77,1901,962,62,65,54,-1,-1
77,1847,626,82,135,100,-1,-1
77,1904,495,82,131,94,-1,-1
77,1905,1074,63,73,54,-1,-1
77,1906,1145,59,114,89,-1,-1
77,1907,1623,312,291,207,-1,-1
77,1809,1066,190,322,272,-1,-1
77,1910,1186,146,155,131,-1,-1
78,1900,1444,245,251,173,-1,-1
78,1901,962,62,65,54,-1,-1
78,1847,621,82,135,101,-1,-1
78,1904,495,82,130,94,-1,-1
78,1905,1071,63,75,55,-1,-1
78,1906,1145,58,114,89,-1,-1
78,1907,1623,312,291,207,-1,-1
78,1809,1051,183,314,265,-1,-1
78,1910,1189,146,152,131,-1,-1
79,1900,1443,245,251,172,-1,-1
79,1901,962,62,65,54,-1,-1
79,1847,616,82,135,102,-1,-1
79,1904,495,82,129,94,-1,-1
79,1905,1067,63,76,55,-1,-1
79,1906,1145,58,113,89,-1,-1
79,1907,1623,312,291,207,-1,-1
79,1809,1036,177,307,259,-1,-1
79,1910,1191,146,151,131,-1,-1
80,1900,1442,245,252,172,-1,-1
80,1901,962,62,65,54,-1,-1
80,1847,611,82,135,103,-1,-1
80,1904,495,82,128,94,-1,-1
80,1905,1064,63,77,56,-1,-1
80,1906,1145,58,113,89,-1,-1
80,1907,1623,312,291,207,-1,-1
80,1809,1021,171,301,252,-1,-1
80,1910,1192,146,150,131,-1,-1
81,1900,1441,245,252,171,-1,-1
81,1901,962,62,65,54,-1,-1
81,1847,606,82,135,105,-1,-1
81,1904,495,82,127,94,-1,-1
81,1905,1060,63,79,56,-1,-1
81,1906,1144,58,112,89,-1,-1
81,1907,1623,312,291,207,-1,-1
81,1809,1007,165,295,246,-1,-1
81,1910,1192,146,150,131,-1,-1
82,1900,1440,245,253,171,-1,-1
82,1901,962,62,65,54,-1,-1
82,1847,602,82,135,107,-1,-1
82,1904,495,82,126,94,-1,-1
82,1905,1056,63,80,57,-1,-1
82,1906,1144,58,112,89,-1,-1
82,1907,1623,312,291,207,-1,-1
82,1809,994,160,289,240,-1,-1
82,1910,1191,146,150,131,-1,-1
83,1900,1439,245,253,172,-1,-1
83,1847,598,83,136,108,-1,-1
83,1904,495,82,125,94,-1,-1
83,1905,1052,63,82,57,-1,-1
83,1906,1143,58,113,89,-1,-1
83,1907,1623,312,291,207,-1,-1
83,1809,981,155,284,235,-1,-1
83,1910,1190,146,152,131,-1,-1
84,1900,1438,245,254,172,-1,-1
84,1847,594,84,136,110,-1,-1
84,1904,495,82,124,94,-1,-1
84,1905,1048,63,84,58,-1,-1
84,1906,1143,58,113,89,-1,-1
84,1907,1623,312,291,207,-1,-1
84,1908,899,60,112,64,-1,-1
84,1809,969,150,279,230,-1,-1
84,1910,1188,146,154,131,-1,-1
85,1900,1437,245,255,172,-1,-1
85,1847,590,84,136,111,-1,-1
85,1904,495,82,124,94,-1,-1
85,1905,1043,63,85,58,-1,-1
85,1906,1143,58,113,89,-1,-1
85,1907,1623,312,291,207,-1,-1
85,1908,899,60,113,64,-1,-1
85,1809,958,146,273,225,-1,-1
85,1910,1185,146,156,131,-1,-1
86,1900,1435,245,256,171,-1,-1
86,1847,587,85,136,112,-1,-1
86,1904,495,82,123,94,-1,-1
86,1905,1039,63,86,58,-1,-1
86,1906,1143,58,113,89,-1,-1
86,1907,1623,312,291,207,-1,-1
86,1908,899,60,114,64,-1,-1
86,1809,948,142,267,220,-1,-1
86,1910,1182,146,159,131,-1,-1
87,1900,1434,245,256,171,-1,-1
87,1847,584,87,136,113,-1,-1
87,1904,495,82,122,94,-1,-1
87,1905,1036,63,87,59,-1,-1
87,1906,1143,58,113,90,-1,-1
87,1907,1623,312,291,207,-1,-1
87,1908,899,60,115,64,-1,-1
87,1809,938,138,261,215,-1,-1
87,1910,1179,146,162,131,-1,-1
88,1900,1433,245,257,170,-1,-1
88,1847,582,88,136,113,-1,-1
88,1904,495,82,122,94,-1,-1
88,1905,1033,63,87,59,-1,-1
88,1906,1144,58,112,90,-1,-1
88,1907,1623,312,291,207,-1,-1
88,1908,899,60,116,64,-1,-1
88,1809,928,134,255,211,-1,-1
88,1910,1176,146,165,131,-1,-1
89,1900,1432,245,257,170,-1,-1
89,1847,579,90,136,114,-1,-1
89,1904,495,82,122,94,-1,-1
89,1905,1030,63,88,60,-1,-1
89,1906,1144,58,112,90,-1,-1
89,1907,1623,312,291,207,-1,-1
89,1908,899,60,117,63,-1,-1
89,1809,920,131,249,207,-1,-1
89,1910,1173,146,169,131,-1,-1
90,1900,1431,245,257,170,-1,-1
90,1847,577,91,135,115,-1,-1
90,1904,495,82,122,94,-1,-1
90,1905,1026,63,88,60,-1,-1
90,1906,1144,58,113,90,-1,-1
90,1907,1623,312,291,207,-1,-1
90,1908,900,60,118,63,-1,-1
90,1809,912,128,243,203,-1,-1
90,1910,1170,146,172,131,-1,-1
91,1900,1431,245,257,171,-1,-1
91,1847,575,93,135,116,-1,-1
91,1904,495,82,122,94,-1,-1
91,1905,1022,63,89,61,-1,-1
91,1906,1143,58,113,90,-1,-1
91,1907,1623,312,291,207,-1,-1
91,1908,900,60,120,63,-1,-1
91,1809,904,124,237,199,-1,-1
91,1910,1167,146,174,131,-1,-1
92,1900,1431,245,256,171,-1,-1
92,1847,573,95,134,117,-1,-1
92,1904,495,82,122,94,-1,-1
92,1905,1018,63,90,61,-1,-1
92,1906,1142,58,114,90,-1,-1
92,1907,1623,312,291,207,-1,-1
92,1908,900,60,121,63,-1,-1
92,1809,897,121,231,195,-1,-1
92,1910,1165,146,176,131,-1,-1
93,1900,1431,245,256,171,-1,-1
93,1847,571,97,134,119,-1,-1
93,1904,495,82,123,94,-1,-1
93,1905,1015,63,91,62,-1,-1
93,1906,1141,58,114,90,-1,-1
93,1907,1623,312,291,207,-1,-1
93,1908,900,60,122,63,-1,-1
93,1809,890,118,225,191,-1,-1
93,1910,1163,146,178,131,-1,-1
94,1900,1431,245,256,171,-1,-1
94,1847,570,100,134,120,-1,-1
94,1904,495,82,123,94,-1,-1
94,1905,1011,63,91,62,-1,-1
94,1906,1141,58,114,90,-1,-1
94,1907,1623,312,291,207,-1,-1
94,1908,900,59,123,63,-1,-1
94,1809,884,115,220,187,-1,-1
94,1910,1162,146,179,131,-1,-1
95,1900,1431,245,255,171,-1,-1
95,1847,568,102,135,122,-1,-1
95,1904,495,82,124,94,-1,-1
95,1905,1008,63,92,63,-1,-1
95,1906,1140,58,114,90,-1,-1
95,1907,1623,312,291,207,-1,-1
95,1908,900,59,124,62,-1,-1
95,1809,878,112,214,184,-1,-1
95,1910,1161,146,180,131,-1,-1
96,1900,1431,245,255,171,-1,-1
96,1847,567,104,136,124,-1,-1
96,1904,495,82,125,94,-1,-1
96,1905,1003,63,93,63,-1,-1
96,1906,1141,58,113,91,-1,-1
96,1907,1623,312,291,207,-1,-1
96,1908,900,59,125,62,-1,-1
96,1809,872,108,209,181,-1,-1
96,1910,1161,146,181,131,-1,-1
97,1900,1431,245,255,171,-1,-1
97,1847,566,106,137,126,-1,-1
97,1904,495,82,125,94,-1,-1
97,1905,998,63,95,64,-1,-1
97,1906,1141,58,113,91,-1,-1
97,1907,1623,312,291,207,-1,-1
97,1908,900,59,126,62,-1,-1
97,1809,866,105,203,178,-1,-1
97,1910,1160,146,181,131,-1,-1
98,1900,1431,245,255,171,-1,-1
98,1847,565,109,139,128,-1,-1
98,1904,495,82,126,94,-1,-1
98,1905,989,63,100,64,-1,-1
98,1906,1141,58,113,91,-1,-1
98,1907,1623,312,291,207,-1,-1
98,1908,900,59,128,62,-1,-1
98,1809,862,102,198,175,-1,-1
98,1910,1160,146,181,131,-1,-1
99,1900,1431,245,255,171,-1,-1
99,1847,564,111,141,129,-1,-1
99,1904,495,82,127,94,-1,-1
99,1905,979,64,108,65,-1,-1
99,1906,1141,58,113,91,-1,-1
99,1907,1623,312,291,207,-1,-1
99,1908,900,59,129,62,-1,-1
99,1809,857,99,194,172,-1,-1
99,1910,1160,146,181,131,-1,-1
100,1900,1431,245,255,171,-1,-1
100,1847,563,113,144,131,-1,-1
100,1904,495,82,128,94,-1,-1
100,1905,967,64,116,65,-1,-1
100,1906,1141,58,113,91,-1,-1
100,1907,1623,312,291,207,-1,-1
100,1809,854,96,189,169,-1,-1
100,1910,1161,146,181,131,-1,-1
101,1900,1431,245,256,171,-1,-1
101,1847,563,116,147,132,-1,-1
101,1904,495,82,129,94,-1,-1
101,1905,955,64,125,66,-1,-1
101,1906,1141,58,113,91,-1,-1
101,1907,1623,312,291,207,-1,-1
101,1809,851,94,185,165,-1,-1
101,1910,1161,146,181,131,-1,-1
102,1900,1431,245,256,170,-1,-1
102,1847,563,118,150,133,-1,-1
102,1904,495,82,130,94,-1,-1
102,1905,946,64,130,66,-1,-1
102,1906,1141,58,113,91,-1,-1
102,1907,1623,312,291,207,-1,-1
102,1809,848,91,181,162,-1,-1
102,1910,1161,146,181,131,-1,-1
103,1900,1430,245,256,170,-1,-1
103,1847,563,120,152,134,-1,-1
103,1904,495,82,130,94,-1,-1
103,1905,942,64,132,66,-1,-1
103,1906,1140,58,113,91,-1,-1
103,1907,1623,312,291,207,-1,-1
103,1809,847,89,176,158,-1,-1
103,1910,1161,146,181,131,-1,-1
104,1900,1430,245,257,170,-1,-1
104,1847,563,123,155,135,-1,-1
104,1904,495,82,131,94,-1,-1
104,1905,942,64,129,67,-1,-1
104,1906,1140,58,113,91,-1,-1
104,1907,1623,312,291,207,-1,-1
104,1809,846,86,172,155,-1,-1
104,1910,1161,146,181,131,-1,-1
105,1900,1430,245,257,171,-1,-1
105,1847,563,125,158,136,-1,-1
105,1904,495,82,132,94,-1,-1
105,1905,943,64,125,67,-1,-1
105,1906,1140,58,113,91,-1,-1
105,1907,1623,312,291,207,-1,-1
105,1809,845,83,169,152,-1,-1
105,1910,1160,146,181,131,-1,-1
106,1900,1429,245,257,171,-1,-1
106,1847,563,128,161,136,-1,-1
106,1904,495,82,133,94,-1,-1
106,1905,944,64,121,68,-1,-1
106,1906,1141,58,113,91,-1,-1
106,1907,1623,312,291,207,-1,-1
106,1809,845,81,165,148,-1,-1
106,1910,1160,146,181,131,-1,-1
107,1900,1429,245,258,171,-1,-1
107,1847,564,130,163,137,-1,-1
107,1904,495,82,133,93,-1,-1
107,1905,944,64,119,68,-1,-1
107,1906,1141,58,113,91,-1,-1
107,1907,1623,312,291,207,-1,-1
107,1809,846,78,163,145,-1,-1
107,1910,1160,146,181,131,-1,-1
108,1900,1429,245,258,171,-1,-1
108,1847,565,133,166,138,-1,-1
108,1904,495,82,134,93,-1,-1
108,1905,942,64,118,69,-1,-1
108,1906,1141,58,114,91,-1,-1
108,1907,1623,312,291,207,-1,-1
108,1809,848,75,161,142,-1,-1
108,1910,1160,146,181,131,-1,-1
109,1900,1429,245,259,170,-1,-1
109,1847,565,136,168,139,-1,-1
109,1904,495,82,134,93,-1,-1
109,1905,939,64,119,69,-1,-1
109,1906,1142,58,114,91,-1,-1
109,1907,1623,312,291,207,-1,-1
109,1809,850,73,160,139,-1,-1
109,1910,1160,146,181,131,-1,-1
110,1900,1428,245,259,170,-1,-1
110,1847,566,139,171,140,-1,-1
110,1904,495,82,135,93,-1,-1
110,1906,1142,58,115,91,-1,-1
110,1907,1623,312,291,207,-1,-1
110,1809,852,70,159,137,-1,-1
110,1910,1160,146,181,131,-1,-1
111,1900,1429,245,260,170,-1,-1
111,1847,567,142,174,141,-1,-1
111,1904,495,82,135,93,-1,-1
111,1906,1143,58,115,91,-1,-1
111,1907,1623,312,291,207,-1,-1
111,1809,855,68,159,135,-1,-1
111,1910,1160,146,181,131,-1,-1
112,1900,1429,245,260,170,-1,-1
112,1847,568,145,176,143,-1,-1
112,1904,495,82,135,93,-1,-1
112,1906,1144,58,115,91,-1,-1
112,1907,1623,312,291,207,-1,-1
112,1809,858,65,160,133,-1,-1
112,1910,1160,146,181,131,-1,-1
113,1900,1429,245,260,170,-1,-1
113,1847,569,148,179,144,-1,-1
113,1904,495,82,135,93,-1,-1
113,1906,1144,58,116,91,-1,-1
113,1907,1623,312,291,207,-1,-1
113,1809,861,63,160,131,-1,-1
113,1910,1160,146,181,131,-1,-1
114,1900,1430,245,260,169,-1,-1
114,1847,571,152,181,146,-1,-1
114,1904,495,82,135,93,-1,-1
114,1906,1144,58,116,91,-1,-1
114,1907,1623,312,291,207,-1,-1
114,1809,865,61,159,129,-1,-1
114,1910,1160,146,181,131,-1,-1
114,1871,1492,408,403,283,-1,-1
115,1900,1430,245,260,167,-1,-1
115,1847,573,155,184,147,-1,-1
115,1904,495,82,135,93,-1,-1
115,1906,1145,58,116,91,-1,-1
115,1907,1623,312,291,207,-1,-1
115,1809,870,59,158,127,-1,-1
115,1910,1160,146,181,131,-1,-1
115,1871,1465,397,396,276,-1,-1
116,1900,1431,245,260,163,-1,-1
116,1847,575,159,187,149,-1,-1
116,1904,495,82,135,93,-1,-1
116,1906,1145,58,116,91,-1,-1
116,1907,1623,312,291,207,-1,-1
116,1809,874,57,156,126,-1,-1
116,1910,1160,146,181,131,-1,-1
116,1871,1438,386,389,270,-1,-1
117,1900,1432,245,260,157,-1,-1
117,1847,577,163,189,150,-1,-1
117,1904,495,82,135,93,-1,-1
117,1906,1145,58,116,91,-1,-1
117,1907,1623,312,291,207,-1,-1
117,1809,879,55,154,124,-1,-1
117,1910,1160,146,181,131,-1,-1
117,1871,1413,375,381,263,-1,-1
118,1900,1433,245,259,152,-1,-1
118,1847,580,166,192,152,-1,-1
118,1904,495,82,135,93,-1,-1
118,1906,1144,58,116,91,-1,-1
118,1907,1623,312,291,207,-1,-1
118,1809,884,54,151,123,-1,-1
118,1910,1161,146,181,131,-1,-1
118,1871,1388,365,373,257,-1,-1
119,1900,1434,245,259,149,-1,-1
119,1847,582,170,194,154,-1,-1
119,1904,495,82,135,93,-1,-1
119,1906,1144,58,116,91,-1,-1
119,1907,1623,312,291,207,-1,-1
119,1809,890,53,149,122,-1,-1
119,1910,1161,146,181,131,-1,-1
119,1871,1365,354,365,251,-1,-1
120,1900,1436,245,258,149,-1,-1
120,1847,586,174,197,156,-1,-1
120,1904,495,82,135,93,-1,-1
120,1906,1144,58,117,91,-1,-1
120,1907,1623,312,291,207,-1,-1
120,1809,895,52,147,121,-1,-1
120,1910,1161,146,181,131,-1,-1
120,1871,1342,344,357,245,-1,-1
121,1900,1437,245,257,153,-1,-1
121,1847,589,178,200,159,-1,-1
121,1904,495,82,135,93,-1,-1
121,1906,1144,58,117,91,-1,-1
121,1907,1623,312,291,207,-1,-1
121,1809,901,51,146,120,-1,-1
121,1910,1161,146,180,131,-1,-1
121,1871,1320,335,348,239,-1,-1
122,1900,1438,245,256,159,-1,-1
122,1847,593,182,203,162,-1,-1
122,1904,495,82,135,93,-1,-1
122,1906,1144,58,117,91,-1,-1
122,1907,1623,312,291,207,-1,-1
122,1809,908,51,146,119,-1,-1
122,1910,1162,146,180,131,-1,-1
122,1871,1300,325,340,234,-1,-1
123,1900,1439,245,255,163,-1,-1
123,1847,597,186,206,165,-1,-1
123,1904,495,82,135,93,-1,-1
123,1906,1144,58,117,91,-1,-1
123,1907,1623,312,291,207,-1,-1
123,1809,914,50,146,118,-1,-1
123,1910,1162,146,179,131,-1,-1
123,1911,897,63,56,67,-1,-1
123,1871,1280,316,331,228,-1,-1
124,1900,1440,245,255,166,-1,-1
124,1847,601,190,210,168,-1,-1
124,1904,495,82,135,93,-1,-1
124,1906,1143,58,117,91,-1,-1
124,1907,1623,312,291,207,-1,-1
124,1809,921,50,148,117,-1,-1
124,1910,1163,146,179,131,-1,-1
124,1911,897,63,59,68,-1,-1
124,1871,1262,307,322,223,-1,-1
125,1900,1440,245,254,167,-1,-1
125,1847,605,194,214,172,-1,-1
125,1904,495,82,135,93,-1,-1
125,1906,1143,58,117,91,-1,-1
125,1907,1623,312,291,207,-1,-1
125,1809,929,50,149,117,-1,-1
125,1910,1163,146,178,131,-1,-1
125,1911,897,63,63,69,-1,-1
125,1871,1244,298,314,218,-1,-1
126,1900,1440,245,254,168,-1,-1
126,1847,610,198,219,176,-1,-1
126,1904,495,82,135,93,-1,-1
126,1906,1143,58,117,91,-1,-1
126,1907,1623,312,291,207,-1,-1
126,1809,936,50,151,116,-1,-1
126,1910,1164,146,178,131,-1,-1
126,1911,898,64,66,69,-1,-1
126,1871,1227,290,306,213,-1,-1
127,1900,1440,245,254,170,-1,-1
127,1847,615,203,223,179,-1,-1
127,1904,495,82,135,93,-1,-1
127,1906,1143,58,117,91,-1,-1
127,1907,1623,312,291,207,-1,-1
127,1809,944,50,152,115,-1,-1
127,1910,1164,146,177,131,-1,-1
127,1911,898,64,69,70,-1,-1
127,1871,1210,282,298,209,-1,-1
128,1900,1439,245,254,171,-1,-1
128,1847,620,208,228,183,-1,-1
128,1904,495,82,136,93,-1,-1
128,1906,1143,58,116,91,-1,-1
128,1907,1623,312,291,207,-1,-1
128,1809,952,49,152,113,-1,-1
128,1910,1165,146,177,131,-1,-1
128,1911,898,64,72,71,-1,-1
128,1871,1194,274,290,204,-1,-1
129,1900,1439,245,254,172,-1,-1
129,1847,626,212,233,186,-1,-1
129,1904,495,82,136,93,-1,-1
129,1906,1144,58,116,91,-1,-1
129,1907,1623,312,291,207,-1,-1
129,1809,960,49,151,112,-1,-1
129,1910,1166,146,176,131,-1,-1
129,1911,898,64,75,71,-1,-1
129,1871,1179,267,283,199,-1,-1
130,1900,1439,245,254,172,-1,-1
130,1847,633,217,238,190,-1,-1
130,1904,495,82,136,93,-1,-1
130,1906,1144,58,115,91,-1,-1
130,1907,1623,312,291,207,-1,-1
130,1809,969,49,149,111,-1,-1
130,1910,1168,146,174,131,-1,-1
130,1911,898,64,78,72,-1,-1
130,1871,1164,260,276,195,-1,-1
131,1900,1439,245,254,173,-1,-1
131,1847,640,223,242,193,-1,-1
131,1904,495,82,136,93,-1,-1
131,1906,1144,58,115,91,-1,-1
131,1907,1623,312,291,207,-1,-1
131,1809,977,49,145,109,-1,-1
131,1910,1169,146,172,131,-1,-1
131,1911,898,64,81,72,-1,-1
131,1871,1149,253,269,191,-1,-1
132,1900,1439,245,254,173,-1,-1
132,1847,647,228,247,196,-1,-1
132,1904,495,82,136,93,-1,-1
132,1906,1144,57,115,91,-1,-1
132,1907,1623,312,291,207,-1,-1
132,1809,986,49,141,107,-1,-1
132,1910,1171,146,170,131,-1,-1
132,1911,899,64,84,73,-1,-1
132,1871,1134,246,263,187,-1,-1
133,1900,1438,245,254,173,-1,-1
133,1847,656,234,251,200,-1,-1
133,1904,495,82,137,93,-1,-1
133,1906,1144,57,115,92,-1,-1
133,1907,1623,312,291,207,-1,-1
133,1809,995,49,135,106,-1,-1
133,1910,1173,146,168,131,-1,-1
133,1911,899,65,88,74,-1,-1
133,1871,1119,240,258,183,-1,-1
134,1900,1438,245,254,173,-1,-1
134,1847,664,240,256,203,-1,-1
134,1904,496,82,137,93,-1,-1
134,1906,1143,57,115,92,-1,-1
134,1907,1623,312,291,207,-1,-1
134,1809,1003,49,129,104,-1,-1
134,1910,1175,146,167,131,-1,-1
134,1911,899,65,91,74,-1,-1
134,1871,1105,234,252,179,-1,-1
135,1900,1438,245,254,173,-1,-1
135,1847,674,246,260,206,-1,-1
135,1904,496,82,137,93,-1,-1
135,1906,1143,57,115,92,-1,-1
135,1907,1623,312,291,207,-1,-1
135,1809,1012,49,124,103,-1,-1
135,1910,1177,146,165,131,-1,-1
135,1911,899,65,94,75,-1,-1
135,1871,1090,228,247,175,-1,-1
136,1900,1438,245,254,173,-1,-1
136,1847,683,253,264,210,-1,-1
136,1904,496,82,137,93,-1,-1
136,1906,1144,57,114,92,-1,-1
136,1907,1623,312,291,207,-1,-1
136,1809,1020,49,118,101,-1,-1
136,1910,1178,146,164,131,-1,-1
136,1911,899,65,97,76,-1,-1
136,1871,1076,222,243,172,-1,-1
137,1900,1438,245,254,173,-1,-1
137,1847,694,260,269,214,-1,-1
137,1904,496,82,138,93,-1,-1
137,1906,1145,57,114,92,-1,-1
137,1907,1623,312,291,207,-1,-1
137,1809,1028,49,113,100,-1,-1
137,1910,1178,146,164,131,-1,-1
137,1911,900,65,100,76,-1,-1
137,1871,1062,217,238,168,-1,-1
138,1900,1437,245,254,173,-1,-1
138,1847,704,267,274,218,-1,-1
138,1904,496,82,138,93,-1,-1
138,1906,1146,57,113,92,-1,-1
138,1907,1623,312,291,207,-1,-1
138,1809,1036,49,110,98,-1,-1
138,1910,1178,146,164,131,-1,-1
138,1911,900,65,103,77,-1,-1
138,1912,972,59,35,52,-1,-1
138,1871,1048,212,234,165,-1,-1
139,1900,1436,245,254,172,-1,-1
139,1847,715,274,280,223,-1,-1
139,1904,496,82,138,93,-1,-1
139,1906,1146,57,113,92,-1,-1
139,1907,1623,312,291,207,-1,-1
139,1809,1044,49,107,97,-1,-1
139,1910,1178,146,164,131,-1,-1
139,1911,900,66,106,77,-1,-1
139,1912,975,60,39,53,-1,-1
139,1871,1035,207,230,162,-1,-1
140,1900,1435,245,255,172,-1,-1
140,1847,726,282,286,229,-1,-1
140,1904,496,82,138,93,-1,-1
140,1906,1144,57,114,92,-1,-1
140,1907,1623,312,291,207,-1,-1
140,1809,1051,49,105,95,-1,-1
140,1910,1177,146,164,131,-1,-1
140,1911,900,66,109,78,-1,-1
140,1912,964,61,56,53,-1,-1
140,1871,1022,202,226,159,-1,-1
141,1900,1434,245,256,171,-1,-1
141,1847,738,291,292,235,-1,-1
141,1904,496,82,139,93,-1,-1
141,1906,1140,57,118,92,-1,-1
141,1907,1623,312,291,207,-1,-1
141,1809,1059,49,104,94,-1,-1
141,1910,1177,146,165,131,-1,-1
141,1911,900,66,113,79,-1,-1
141,1912,926,62,102,54,-1,-1
141,1871,1009,197,223,156,-1,-1
142,1900,1433,245,256,171,-1,-1
142,1847,749,299,300,241,-1,-1
142,1904,496,82,139,93,-1,-1
142,1906,1132,57,125,92,-1,-1
142,1907,1623,312,291,207,-1,-1
142,1809,1065,50,104,92,-1,-1
142,1910,1176,146,166,131,-1,-1
142,1911,900,66,116,79,-1,-1
142,1912,965,63,70,55,-1,-1
142,1871,997,192,219,153,-1,-1
143,1900,1432,245,257,170,-1,-1
143,1847,761,308,307,248,-1,-1
143,1904,496,82,139,93,-1,-1
143,1906,1124,57,132,93,-1,-1
143,1907,1623,312,291,207,-1,-1
143,1809,1072,50,104,90,-1,-1
143,1910,1174,146,168,131,-1,-1
143,1911,901,66,119,80,-1,-1
143,1912,974,64,68,56,-1,-1
143,1871,985,187,216,151,-1,-1
144,1900,1431,245,257,170,-1,-1
144,1847,773,318,316,254,-1,-1
144,1904,496,82,139,93,-1,-1
144,1906,1118,57,137,93,-1,-1
144,1907,1623,312,291,207,-1,-1
144,1809,1078,50,104,88,-1,-1
144,1910,1173,146,169,131,-1,-1
144,1911,901,66,122,81,-1,-1
144,1912,973,66,76,57,-1,-1
144,1871,974,183,212,149,-1,-1
145,1900,1431,245,258,170,-1,-1
145,1847,784,328,324,260,-1,-1
145,1904,496,82,139,93,-1,-1
145,1906,1116,57,138,93,-1,-1
145,1907,1623,312,291,207,-1,-1
145,1809,1084,49,104,86,-1,-1
145,1910,1171,146,171,131,-1,-1
145,1911,901,67,125,81,-1,-1
145,1912,975,67,81,58,-1,-1
145,1871,963,178,209,146,-1,-1
146,1900,1431,245,258,170,-1,-1
146,1847,796,339,333,266,-1,-1
146,1904,496,82,140,93,-1,-1
146,1906,1118,57,136,93,-1,-1
146,1907,1623,312,291,207,-1,-1
146,1809,1090,49,105,84,-1,-1
146,1910,1168,146,173,131,-1,-1
146,1911,901,67,128,82,-1,-1
146,1912,979,68,84,58,-1,-1
146,1871,953,174,205,144,-1,-1
147,1900,1431,245,258,170,-1,-1
147,1847,807,350,342,273,-1,-1
147,1904,496,82,140,93,-1,-1
147,1906,1120,57,132,93,-1,-1
147,1907,1623,312,291,207,-1,-1
147,1809,1096,49,105,82,-1,-1
147,1910,1166,146,176,131,-1,-1
147,1911,901,67,131,82,-1,-1
147,1912,984,69,86,59,-1,-1
147,1871,944,169,201,142,-1,-1
148,1900,1431,245,257,171,-1,-1
148,1847,819,362,352,279,-1,-1
148,1904,496,82,140,93,-1,-1
148,1906,1123,57,128,93,-1,-1
148,1907,1623,312,291,207,-1,-1
148,1809,1101,48,104,80,-1,-1
148,1910,1164,146,178,131,-1,-1
148,1911,901,67,134,83,-1,-1
148,1912,989,70,88,60,-1,-1
148,1871,935,165,198,140,-1,-1
149,1900,1432,245,257,171,-1,-1
149,1847,830,375,362,285,-1,-1
149,1904,496,82,140,93,-1,-1
149,1906,1126,57,126,93,-1,-1
149,1907,1623,312,291,207,-1,-1
149,1809,1106,47,102,78,-1,-1
149,1910,1163,146,179,131,-1,-1
149,1911,902,67,138,84,-1,-1
149,1912,993,71,91,61,-1,-1
149,1871,927,161,194,138,-1,-1
150,1900,1433,245,256,172,-1,-1
150,1847,841,388,374,292,-1,-1
150,1904,496,82,140,93,-1,-1
150,1906,1128,57,124,94,-1,-1
150,1907,1623,312,291,207,-1,-1
150,1809,1111,46,99,76,-1,-1
150,1910,1161,146,181,131,-1,-1
150,1911,902,67,141,84,-1,-1
150,1912,996,72,95,62,-1,-1
150,1871,920,156,190,136,-1,-1
151,1900,1433,245,256,172,-1,-1
151,1847,853,402,386,300,-1,-1
151,1904,496,82,140,93,-1,-1
151,1906,1130,57,122,94,-1,-1
151,1907,1623,312,291,207,-1,-1
151,1910,1160,146,182,131,-1,-1
151,1911,902,68,144,85,-1,-1
151,1912,997,73,101,63,-1,-1
151,1871,913,152,186,135,-1,-1
152,1900,1434,245,255,172,-1,-1
152,1847,865,417,399,308,-1,-1
152,1904,496,82,140,93,-1,-1
152,1906,1132,57,122,94,-1,-1
152,1907,1623,312,291,207,-1,-1
152,1910,1160,146,182,131,-1,-1
152,1912,991,74,114,63,-1,-1
152,1871,908,148,182,133,-1,-1
153,1900,1435,245,254,173,-1,-1
153,1847,878,433,413,318,-1,-1
153,1904,496,82,140,93,-1,-1
153,1906,1134,57,120,94,-1,-1
153,1907,1623,312,291,207,-1,-1
153,1910,1159,146,183,131,-1,-1
153,1912,973,76,139,64,-1,-1
153,1871,902,145,178,131,-1,-1
154,1900,1436,245,254,173,-1,-1
154,1847,892,449,428,329,-1,-1
154,1904,496,82,140,93,-1,-1
154,1906,1137,57,119,94,-1,-1
154,1907,1623,312,291,207,-1,-1
154,1910,1159,146,183,131,-1,-1
154,1912,956,77,163,65,-1,-1
154,1871,898,141,173,129,-1,-1
154,1914,896,59,118,65,-1,-1
155,1900,1437,245,253,174,-1,-1
155,1847,907,467,445,343,-1,-1
155,1904,496,82,140,93,-1,-1
155,1906,1140,57,119,94,-1,-1
155,1907,1623,312,291,207,-1,-1
155,1910,1159,146,183,131,-1,-1
155,1912,968,78,158,66,-1,-1
155,1871,894,137,169,127,-1,-1
155,1914,897,59,118,64,-1,-1
156,1900,1437,245,253,174,-1,-1
156,1847,923,486,462,358,-1,-1
156,1904,496,82,139,93,-1,-1
156,1906,1142,57,119,94,-1,-1
156,1907,1623,312,291,207,-1,-1
156,1910,1159,146,183,131,-1,-1
156,1912,989,79,144,67,-1,-1
156,1871,890,134,165,126,-1,-1
156,1914,898,59,119,64,-1,-1
157,1900,1437,245,253,174,-1,-1
157,1847,941,506,481,374,-1,-1
157,1904,496,82,139,93,-1,-1
157,1906,1142,57,121,94,-1,-1
157,1907,1623,312,291,207,-1,-1
157,1910,1159,146,183,131,-1,-1
157,1912,1010,80,130,68,-1,-1
157,1871,888,130,161,124,-1,-1
157,1914,899,59,119,64,-1,-1
158,1900,1436,245,254,174,-1,-1
158,1847,961,527,502,391,-1,-1
158,1904,496,82,139,93,-1,-1
158,1906,1140,57,124,95,-1,-1
158,1907,1623,312,291,207,-1,-1
158,1910,1159,146,183,131,-1,-1
158,1912,1027,81,120,68,-1,-1
158,1871,885,127,157,122,-1,-1
158,1914,900,59,119,63,-1,-1
159,1900,1436,245,254,173,-1,-1
159,1847,982,549,523,406,-1,-1
159,1904,496,82,139,93,-1,-1
159,1906,1138,57,126,95,-1,-1
159,1907,1623,312,291,207,-1,-1
159,1910,1159,146,183,131,-1,-1
159,1912,1050,82,104,69,-1,-1
159,1871,884,123,154,121,-1,-1
159,1914,902,59,118,63,-1,-1
160,1900,1435,245,255,173,-1,-1
160,1847,1005,573,546,418,-1,-1
160,1904,496,82,138,93,-1,-1
160,1906,1137,57,127,95,-1,-1
160,1907,1623,312,291,207,-1,-1
160,1910,1159,146,183,131,-1,-1
160,1912,1076,83,85,70,-1,-1
160,1871,882,120,150,119,-1,-1
160,1914,904,59,118,62,-1,-1
161,1900,1434,245,256,172,-1,-1
161,1847,1030,597,570,425,-1,-1
161,1904,496,82,138,93,-1,-1
161,1906,1137,57,127,95,-1,-1
161,1907,1623,312,291,207,-1,-1
161,1910,1159,146,183,131,-1,-1
161,1912,1099,85,69,71,-1,-1
161,1871,882,117,147,117,-1,-1
161,1914,905,59,117,62,-1,-1
162,1900,1433,245,257,172,-1,-1
162,1847,1056,623,595,425,-1,-1
162,1904,496,82,137,93,-1,-1
162,1906,1137,57,124,95,-1,-1
162,1907,1623,312,291,207,-1,-1
162,1910,1159,146,183,131,-1,-1
162,1871,882,114,144,116,-1,-1
162,1914,906,59,117,61,-1,-1
163,1900,1433,245,257,171,-1,-1
163,1847,1084,649,622,418,-1,-1
163,1904,496,82,137,93,-1,-1
163,1906,1138,57,121,95,-1,-1
163,1907,1623,312,291,207,-1,-1
163,1910,1159,146,183,131,-1,-1
163,1871,882,111,141,114,-1,-1
163,1914,907,59,118,61,-1,-1
164,1900,1433,245,258,171,-1,-1
164,1847,1113,677,650,403,-1,-1
164,1904,496,82,137,93,-1,-1
164,1906,1139,57,118,95,-1,-1
164,1907,1623,312,291,207,-1,-1
164,1910,1159,146,183,132,-1,-1
164,1871,882,108,139,113,-1,-1
164,1914,907,59,118,61,-1,-1
165,1900,1432,245,259,170,-1,-1
165,1847,1143,706,680,382,-1,-1
165,1904,496,82,136,93,-1,-1
165,1906,1140,57,116,95,-1,-1
165,1907,1623,312,291,207,-1,-1
165,1910,1159,146,183,132,-1,-1
165,1871,883,105,136,112,-1,-1
165,1914,907,59,119,61,-1,-1
166,1900,1432,245,260,170,-1,-1
166,1904,496,82,136,93,-1,-1
166,1906,1140,57,115,95,-1,-1
166,1907,1623,312,291,207,-1,-1
166,1910,1160,146,182,132,-1,-1
166,1871,885,102,134,111,-1,-1
166,1914,907,59,119,62,-1,-1
167,1900,1431,245,260,169,-1,-1
167,1904,496,82,136,93,-1,-1
167,1906,1141,57,114,95,-1,-1
167,1907,1623,312,291,207,-1,-1
167,1910,1160,146,182,132,-1,-1
167,1871,887,100,133,109,-1,-1
167,1914,908,59,119,62,-1,-1
168,1900,1431,245,261,166,-1,-1
168,1904,496,82,135,93,-1,-1
168,1906,1141,57,113,95,-1,-1
168,1907,1623,312,291,207,-1,-1
168,1910,1161,146,181,132,-1,-1
168,1871,889,97,131,108,-1,-1
168,1914,908,59,119,63,-1,-1
168,1814,1464,371,471,360,-1,-1
169,1900,1431,245,261,158,-1,-1
169,1904,496,82,135,93,-1,-1
169,1906,1142,57,113,95,-1,-1
169,1907,1623,312,291,207,-1,-1
169,1910,1162,146,181,132,-1,-1
169,1871,891,94,130,107,-1,-1
169,1914,908,59,119,63,-1,-1
169,1814,1435,361,459,349,-1,-1
170,1900,1432,245,261,146,-1,-1
170,1904,496,82,135,93,-1,-1
170,1906,1142,57,112,96,-1,-1
170,1907,1623,312,291,207,-1,-1
170,1910,1162,146,180,132,-1,-1
170,1871,894,92,129,107,-1,-1
170,1914,908,59,119,64,-1,-1
170,1814,1407,351,447,339,-1,-1
171,1900,1433,245,260,131,-1,-1
171,1904,496,82,135,93,-1,-1
171,1906,1142,57,112,96,-1,-1
171,1907,1623,312,291,207,-1,-1
171,1910,1162,146,180,132,-1,-1
171,1871,897,90,128,106,-1,-1
171,1914,908,59,119,65,-1,-1
171,1814,1379,340,434,329,-1,-1
172,1900,1436,245,258,118,-1,-1
172,1904,496,82,134,93,-1,-1
172,1906,1141,57,112,96,-1,-1
172,1907,1623,312,291,207,-1,-1
172,1910,1162,146,180,132,-1,-1
172,1871,900,88,128,105,-1,-1
172,1914,907,59,119,66,-1,-1
172,1814,1352,330,422,319,-1,-1
173,1900,1439,245,255,113,-1,-1
173,1904,496,82,134,93,-1,-1
173,1906,1141,57,112,96,-1,-1
173,1907,1623,312,291,207,-1,-1
173,1910,1162,146,180,132,-1,-1
173,1871,904,86,127,104,-1,-1
173,1914,905,59,120,66,-1,-1
173,1814,1326,319,409,310,-1,-1
174,1900,1442,245,252,118,-1,-1
174,1904,496,82,134,93,-1,-1
174,1906,1141,57,111,96,-1,-1
174,1907,1623,312,291,207,-1,-1
174,1910,1162,146,180,132,-1,-1
174,1871,908,84,126,103,-1,-1
174,1914,903,59,121,67,-1,-1
174,1814,1301,309,397,302,-1,-1
175,1900,1445,245,249,132,-1,-1
175,1904,496,82,134,92,-1,-1
175,1906,1141,57,111,96,-1,-1
175,1907,1623,312,291,207,-1,-1
175,1910,1162,146,180,132,-1,-1
175,1871,913,82,126,103,-1,-1
175,1914,902,59,121,67,-1,-1
175,1814,1277,299,385,294,-1,-1
176,1900,1448,245,246,150,-1,-1
176,1904,496,82,134,92,-1,-1
176,1906,1141,57,111,96,-1,-1
176,1907,1623,312,291,207,-1,-1
176,1910,1162,146,181,132,-1,-1
176,1871,918,81,125,102,-1,-1
176,1914,900,59,122,67,-1,-1
176,1814,1254,288,374,286,-1,-1
177,1900,1450,245,244,164,-1,-1
177,1904,496,82,134,92,-1,-1
177,1906,1141,57,111,96,-1,-1
177,1907,1623,312,291,207,-1,-1
177,1910,1162,146,181,132,-1,-1
177,1871,923,79,124,101,-1,-1
177,1914,899,59,121,67,-1,-1
177,1814,1232,278,363,279,-1,-1
178,1900,1451,245,242,171,-1,-1
178,1904,496,82,134,92,-1,-1
178,1906,1141,57,111,96,-1,-1
178,1907,1623,312,291,207,-1,-1
178,1910,1162,146,180,132,-1,-1
178,1871,928,78,124,100,-1,-1
178,1914,898,59,121,67,-1,-1
178,1814,1211,268,352,272,-1,-1
179,1900,1451,245,242,174,-1,-1
179,1904,496,82,134,92,-1,-1
179,1906,1141,57,112,96,-1,-1
179,1907,1623,312,291,207,-1,-1
179,1910,1163,146,180,132,-1,-1
179,1871,934,77,123,100,-1,-1
179,1914,898,59,120,67,-1,-1
179,1814,1191,259,342,266,-1,-1
180,1900,1450,245,243,174,-1,-1
180,1904,496,82,134,92,-1,-1
180,1906,1141,57,112,96,-1,-1
180,1907,1623,312,291,207,-1,-1
180,1910,1164,146,178,132,-1,-1
180,1871,940,76,122,99,-1,-1
180,1914,898,59,118,67,-1,-1
180,1814,1171,249,332,260,-1,-1
181,1900,1448,245,244,174,-1,-1
181,1904,496,82,134,92,-1,-1
181,1906,1142,57,112,96,-1,-1
181,1907,1623,312,291,207,-1,-1
181,1910,1167,146,176,132,-1,-1
181,1871,946,75,120,98,-1,-1
181,1914,899,59,117,66,-1,-1
181,1814,1153,240,323,254,-1,-1
182,1900,1445,245,246,173,-1,-1
182,1904,496,82,134,92,-1,-1
182,1906,1143,57,112,95,-1,-1
182,1907,1623,312,291,207,-1,-1
182,1910,1170,146,172,132,-1,-1
182,1871,953,74,119,97,-1,-1
182,1914,899,59,115,66,-1,-1
182,1814,1135,231,314,249,-1,-1
183,1900,1443,244,249,172,-1,-1
183,1904,496,82,134,92,-1,-1
183,1906,1144,57,112,95,-1,-1
183,1907,1623,312,291,207,-1,-1
183,1910,1174,146,168,132,-1,-1
183,1871,960,74,118,96,-1,-1
183,1914,900,59,113,66,-1,-1
183,1814,1118,223,305,244,-1,-1
184,1900,1440,244,251,172,-1,-1
184,1904,496,82,134,92,-1,-1
184,1906,1144,57,112,95,-1,-1
184,1907,1623,312,291,207,-1,-1
184,1910,1178,146,164,132,-1,-1
184,1871,967,73,116,95,-1,-1
184,1914,901,59,112,66,-1,-1
184,1814,1102,215,297,239,-1,-1
185,1900,1438,244,252,171,-1,-1
185,1904,496,82,134,92,-1,-1
185,1906,1144,57,112,95,-1,-1
185,1907,1623,312,291,207,-1,-1
185,1910,1183,146,159,132,-1,-1
185,1871,974,73,115,94,-1,-1
185,1914,901,59,111,65,-1,-1
185,1814,1087,208,290,234,-1,-1
186,1900,1436,244,254,171,-1,-1
186,1904,496,82,135,92,-1,-1
186,1906,1143,57,113,95,-1,-1
186,1907,1623,312,291,207,-1,-1
186,1910,1187,146,155,132,-1,-1
186,1871,981,72,113,93,-1,-1
186,1914,902,59,111,65,-1,-1
186,1814,1072,201,282,229,-1,-1
187,1900,1434,244,255,171,-1,-1
187,1904,496,82,135,92,-1,-1
187,1906,1142,57,114,95,-1,-1
187,1907,1623,312,291,207,-1,-1
187,1910,1190,146,152,132,-1,-1
187,1871,989,72,112,92,-1,-1
187,1914,901,59,111,65,-1,-1
187,1814,1058,194,275,224,-1,-1
188,1900,1433,244,256,171,-1,-1
188,1904,496,82,135,92,-1,-1
188,1906,1141,57,115,95,-1,-1
188,1907,1623,312,291,207,-1,-1
188,1910,1193,146,149,132,-1,-1
188,1871,996,72,110,91,-1,-1
188,1914,901,59,111,65,-1,-1
188,1814,1045,188,269,219,-1,-1
189,1900,1432,244,257,172,-1,-1
189,1904,496,82,135,92,-1,-1
189,1906,1141,57,115,95,-1,-1
189,1907,1623,312,291,207,-1,-1
189,1910,1195,146,148,132,-1,-1
189,1871,1004,72,108,89,-1,-1
189,1914,901,59,112,65,-1,-1
189,1814,1032,182,262,214,-1,-1
190,1900,1431,244,257,172,-1,-1
190,1904,496,82,135,92,-1,-1
190,1906,1142,57,114,95,-1,-1
190,1907,1623,312,291,207,-1,-1
190,1910,1195,146,147,132,-1,-1
190,1871,1011,71,106,88,-1,-1
190,1914,901,59,112,65,-1,-1
190,1814,1019,177,256,209,-1,-1
191,1900,1431,244,257,171,-1,-1
191,1904,496,82,135,92,-1,-1
191,1906,1143,57,114,95,-1,-1
191,1907,1623,312,291,207,-1,-1
191,1910,1194,146,148,132,-1,-1
191,1871,1018,71,104,87,-1,-1
191,1914,900,59,113,64,-1,-1
191,1814,1008,172,250,205,-1,-1
192,1900,1431,244,257,171,-1,-1
192,1904,496,82,135,92,-1,-1
192,1906,1143,57,114,95,-1,-1
192,1907,1623,312,291,207,-1,-1
192,1910,1193,146,150,132,-1,-1
192,1871,1026,71,102,86,-1,-1
192,1914,900,59,114,64,-1,-1
192,1814,997,167,244,200,-1,-1
193,1900,1430,244,257,171,-1,-1
193,1904,496,82,135,92,-1,-1
193,1906,1144,57,114,95,-1,-1
193,1907,1623,312,291,207,-1,-1
193,1910,1190,146,153,132,-1,-1
193,1871,1033,71,99,84,-1,-1
193,1914,900,59,114,64,-1,-1
193,1814,987,163,238,196,-1,-1
194,1900,1430,244,258,171,-1,-1
194,1904,496,82,135,92,-1,-1
194,1906,1145,57,114,94,-1,-1
194,1907,1623,312,291,207,-1,-1
194,1910,1186,146,156,132,-1,-1
194,1871,1040,71,97,83,-1,-1
194,1914,900,59,115,64,-1,-1
194,1814,977,159,233,192,-1,-1
195,1900,1430,244,258,170,-1,-1
195,1904,496,82,135,92,-1,-1
195,1906,1146,58,113,94,-1,-1
195,1907,1623,312,291,207,-1,-1
195,1910,1182,146,160,132,-1,-1
195,1871,1047,71,94,82,-1,-1
195,1914,900,59,116,64,-1,-1
195,1814,968,155,228,188,-1,-1
196,1900,1430,244,258,170,-1,-1
196,1904,496,82,135,92,-1,-1
196,1906,1146,58,113,94,-1,-1
196,1907,1623,312,291,207,-1,-1
196,1910,1178,146,165,132,-1,-1
196,1871,1054,71,91,80,-1,-1
196,1914,899,59,117,64,-1,-1
196,1814,959,151,223,184,-1,-1
197,1900,1430,244,258,170,-1,-1
197,1904,496,82,135,92,-1,-1
197,1906,1147,58,113,94,-1,-1
197,1907,1623,312,291,207,-1,-1
197,1910,1174,146,169,132,-1,-1
197,1871,1060,71,88,79,-1,-1
197,1914,899,59,118,63,-1,-1
197,1814,951,147,218,180,-1,-1
198,1900,1430,244,258,170,-1,-1
198,1904,496,82,135,92,-1,-1
198,1906,1147,58,113,94,-1,-1
198,1907,1623,312,291,207,-1,-1
198,1910,1170,146,172,132,-1,-1
198,1871,1067,71,85,77,-1,-1
198,1914,899,59,119,63,-1,-1
198,1814,943,144,213,176,-1,-1
199,1900,1430,244,258,171,-1,-1
199,1904,496,82,135,92,-1,-1
199,1906,1146,58,113,94,-1,-1
199,1907,1623,312,291,208,-1,-1
199,1910,1167,146,175,132,-1,-1
199,1871,1073,71,81,76,-1,-1
199,1914,898,59,120,63,-1,-1
199,1814,935,140,209,173,-1,-1
200,1900,1430,244,258,171,-1,-1
200,1904,496,82,135,92,-1,-1
200,1906,1146,58,113,94,-1,-1
200,1907,1623,312,291,208,-1,-1
200,1910,1165,146,178,132,-1,-1
200,1871,1078,71,77,74,-1,-1
200,1914,898,59,121,62,-1,-1
200,1814,928,137,205,169,-1,-1
201,1900,1431,244,258,171,-1,-1
201,1904,496,82,135,92,-1,-1
201,1906,1144,58,113,93,-1,-1
201,1907,1623,312,291,208,-1,-1
201,1910,1163,146,180,132,-1,-1
201,1871,1084,71,73,73,-1,-1
201,1914,897,59,122,62,-1,-1
201,1814,920,133,201,166,-1,-1
202,1900,1431,244,258,171,-1,-1
202,1904,496,82,135,92,-1,-1
202,1906,1141,58,115,93,-1,-1
202,1907,1623,312,291,208,-1,-1
202,1910,1162,146,181,132,-1,-1
202,1871,1089,71,68,71,-1,-1
202,1914,898,59,123,62,-1,-1
202,1814,913,130,198,163,-1,-1
203,1900,1431,244,257,171,-1,-1
203,1904,496,82,135,92,-1,-1
203,1906,1138,58,117,93,-1,-1
203,1907,1623,312,291,208,-1,-1
203,1910,1161,146,182,132,-1,-1
203,1871,1094,72,63,69,-1,-1
203,1914,899,59,123,61,-1,-1
203,1814,906,127,194,160,-1,-1
204,1900,1431,244,257,171,-1,-1
204,1904,496,82,135,92,-1,-1
204,1906,1134,58,120,93,-1,-1
204,1907,1623,312,291,208,-1,-1
204,1910,1161,146,182,132,-1,-1
204,1871,1099,72,57,68,-1,-1
204,1914,900,59,122,61,-1,-1
204,1814,898,123,191,158,-1,-1
205,1900,1431,244,257,170,-1,-1
205,1904,496,82,134,92,-1,-1
205,1906,1132,58,121,93,-1,-1
205,1907,1623,312,291,208,-1,-1
205,1910,1161,146,182,132,-1,-1
205,1871,1103,72,52,66,-1,-1
205,1914,903,59,121,60,-1,-1
205,1814,891,120,188,156,-1,-1
206,1900,1431,244,257,170,-1,-1
206,1904,496,82,134,92,-1,-1
206,1906,1131,58,121,93,-1,-1
206,1907,1623,312,291,208,-1,-1
206,1910,1161,146,182,132,-1,-1
206,1871,1108,72,46,64,-1,-1
206,1914,904,59,119,60,-1,-1
206,1814,884,116,185,153,-1,-1
207,1900,1431,244,257,170,-1,-1
207,1904,496,82,134,92,-1,-1
207,1906,1131,58,121,93,-1,-1
207,1907,1623,312,291,208,-1,-1
207,1910,1161,146,182,132,-1,-1
207,1871,1111,72,39,62,-1,-1
207,1914,906,59,119,59,-1,-1
207,1814,877,112,181,151,-1,-1
208,1900,1431,244,257,170,-1,-1
208,1904,496,82,134,92,-1,-1
208,1906,1132,58,120,93,-1,-1
208,1907,1623,312,291,208,-1,-1
208,1910,1161,146,182,132,-1,-1
208,1914,907,59,118,59,-1,-1
208,1814,871,109,178,149,-1,-1
209,1900,1431,244,257,171,-1,-1
209,1904,496,82,134,92,-1,-1
209,1906,1134,58,118,93,-1,-1
209,1907,1623,312,291,208,-1,-1
209,1910,1161,146,182,132,-1,-1
209,1914,907,59,118,58,-1,-1
209,1814,865,105,175,147,-1,-1
210,1900,1431,244,258,171,-1,-1
210,1904,496,82,134,92,-1,-1
210,1906,1136,58,117,92,-1,-1
210,1907,1623,312,291,208,-1,-1
210,1910,1161,146,182,132,-1,-1
210,1914,907,59,119,58,-1,-1
210,1814,859,101,172,146,-1,-1
211,1900,1431,244,258,171,-1,-1
211,1904,496,82,134,92,-1,-1
211,1906,1139,58,116,92,-1,-1
211,1907,1623,312,291,208,-1,-1
211,1910,1161,146,182,132,-1,-1
211,1914,908,59,119,58,-1,-1
211,1814,854,98,169,144,-1,-1
212,1900,1431,244,258,171,-1,-1
212,1904,496,82,134,92,-1,-1
212,1906,1141,58,115,92,-1,-1
212,1907,1623,312,291,208,-1,-1
212,1910,1161,146,182,132,-1,-1
212,1914,908,59,119,58,-1,-1
212,1814,850,94,166,142,-1,-1
213,1900,1431,244,258,171,-1,-1
213,1904,496,82,134,92,-1,-1
213,1906,1143,58,114,92,-1,-1
213,1907,1623,312,291,208,-1,-1
213,1910,1160,146,182,132,-1,-1
213,1914,908,59,119,58,-1,-1
213,1814,846,91,163,141,-1,-1
214,1900,1431,244,258,171,-1,-1
214,1904,496,82,134,92,-1,-1
214,1906,1144,58,114,92,-1,-1
214,1907,1623,312,291,208,-1,-1
214,1910,1160,146,183,132,-1,-1
214,1914,909,59,118,58,-1,-1
214,1814,843,87,160,139,-1,-1
215,1900,1430,244,258,172,-1,-1
215,1904,496,82,134,92,-1,-1
215,1906,1145,58,114,92,-1,-1
215,1907,1623,312,291,208,-1,-1
215,1910,1160,146,183,132,-1,-1
215,1914,910,59,118,58,-1,-1
215,1814,840,84,156,138,-1,-1
216,1900,1430,244,258,172,-1,-1
216,1904,496,82,134,92,-1,-1
216,1906,1145,58,114,92,-1,-1
216,1907,1623,312,291,208,-1,-1
216,1910,1160,146,183,132,-1,-1
216,1914,910,59,117,58,-1,-1
216,1814,839,81,153,136,-1,-1
217,1900,1430,244,258,172,-1,-1
217,1904,496,82,134,92,-1,-1
217,1906,1145,58,114,92,-1,-1
217,1907,1623,312,291,208,-1,-1
217,1910,1160,146,183,132,-1,-1
217,1914,910,59,117,58,-1,-1
217,1814,838,78,150,134,-1,-1
218,1900,1430,244,258,172,-1,-1
218,1904,496,82,134,92,-1,-1
218,1906,1145,58,114,92,-1,-1
218,1907,1623,312,291,208,-1,-1
218,1910,1159,146,183,132,-1,-1
218,1914,909,59,118,58,-1,-1
218,1814,838,76,147,133,-1,-1
219,1900,1430,244,258,172,-1,-1
219,1904,496,82,135,92,-1,-1
219,1906,1144,58,114,92,-1,-1
219,1907,1623,312,291,208,-1,-1
219,1910,1159,146,183,132,-1,-1
219,1914,908,59,119,58,-1,-1
219,1814,839,73,145,131,-1,-1
220,1900,1430,244,258,171,-1,-1
220,1904,496,82,135,92,-1,-1
220,1906,1144,58,114,92,-1,-1
220,1907,1623,312,291,208,-1,-1
220,1910,1159,146,183,132,-1,-1
220,1914,907,59,120,58,-1,-1
220,1814,840,71,142,129,-1,-1
221,1900,1430,244,258,171,-1,-1
221,1904,496,82,135,92,-1,-1
221,1906,1143,58,113,92,-1,-1
221,1907,1623,312,291,208,-1,-1
221,1910,1160,146,183,132,-1,-1
221,1914,908,59,120,58,-1,-1
221,1814,842,69,140,127,-1,-1
222,1900,1430,244,258,171,-1,-1
222,1904,496,82,135,92,-1,-1
222,1906,1143,58,112,92,-1,-1
222,1907,1623,312,291,208,-1,-1
222,1910,1160,146,183,132,-1,-1
222,1914,911,59,117,57,-1,-1
222,1814,844,67,139,125,-1,-1
223,1900,1430,244,258,171,-1,-1
223,1904,496,82,135,92,-1,-1
223,1906,1142,58,112,92,-1,-1
223,1907,1623,312,291,208,-1,-1
223,1910,1160,146,183,132,-1,-1
223,1914,918,59,110,57,-1,-1
223,1814,847,66,137,124,-1,-1
224,1900,1430,244,258,171,-1,-1
224,1904,496,82,135,92,-1,-1
224,1906,1142,58,112,92,-1,-1
224,1907,1623,312,291,208,-1,-1
224,1910,1160,146,183,132,-1,-1
224,1914,929,59,99,57,-1,-1
224,1814,851,64,136,122,-1,-1
225,1900,1430,244,258,171,-1,-1
225,1904,496,82,135,92,-1,-1
225,1906,1141,58,112,92,-1,-1
225,1907,1623,312,291,208,-1,-1
225,1910,1160,146,183,132,-1,-1
225,1914,942,59,86,57,-1,-1
225,1814,854,63,136,120,-1,-1
226,1900,1430,244,258,171,-1,-1
226,1904,496,82,135,92,-1,-1
226,1906,1141,58,112,92,-1,-1
226,1907,1623,312,291,208,-1,-1
226,1910,1160,146,182,132,-1,-1
226,1914,955,59,74,57,-1,-1
226,1814,859,63,136,118,-1,-1
227,1900,1430,244,258,171,-1,-1
227,1904,496,82,134,92,-1,-1
227,1906,1142,58,111,92,-1,-1
227,1907,1623,312,291,208,-1,-1
227,1910,1161,146,182,132,-1,-1
227,1914,964,59,65,57,-1,-1
227,1814,863,62,135,116,-1,-1
228,1900,1430,244,258,172,-1,-1
228,1904,496,82,134,92,-1,-1
228,1906,1142,58,111,92,-1,-1
228,1907,1623,312,291,208,-1,-1
228,1910,1161,146,182,132,-1,-1
228,1914,970,59,59,57,-1,-1
228,1814,868,61,136,114,-1,-1
229,1900,1430,244,258,172,-1,-1
229,1904,496,82,134,92,-1,-1
229,1906,1143,58,110,92,-1,-1
229,1907,1623,312,291,208,-1,-1
229,1910,1161,146,182,132,-1,-1
229,1914,973,59,56,57,-1,-1
229,1814,873,61,136,112,-1,-1
230,1900,1430,244,258,172,-1,-1
230,1904,496,82,134,92,-1,-1
230,1906,1143,58,110,92,-1,-1
230,1907,1623,312,291,208,-1,-1
230,1910,1162,146,181,132,-1,-1
230,1814,879,61,136,110,-1,-1
231,1900,1430,244,258,172,-1,-1
231,1904,496,82,134,92,-1,-1
231,1906,1142,58,111,92,-1,-1
231,1907,1623,312,291,208,-1,-1
231,1910,1162,146,181,132,-1,-1
231,1814,885,60,136,108,-1,-1
232,1900,1430,244,258,172,-1,-1
232,1904,496,82,134,92,-1,-1
232,1906,1142,58,111,92,-1,-1
232,1907,1623,312,291,208,-1,-1
232,1910,1162,146,181,132,-1,-1
232,1814,892,60,137,107,-1,-1
233,1900,1430,244,258,172,-1,-1
233,1904,496,82,134,92,-1,-1
233,1906,1141,58,111,92,-1,-1
233,1907,1623,312,291,208,-1,-1
233,1910,1163,146,180,132,-1,-1
233,1814,899,60,137,106,-1,-1
234,1900,1430,244,258,172,-1,-1
234,1904,496,82,134,92,-1,-1
234,1906,1141,58,111,92,-1,-1
234,1907,1623,312,291,208,-1,-1
234,1910,1163,146,180,132,-1,-1
234,1814,906,60,138,104,-1,-1
235,1900,1430,244,258,172,-1,-1
235,1904,496,82,134,92,-1,-1
235,1906,1141,58,111,92,-1,-1
235,1907,1623,312,291,208,-1,-1
235,1910,1163,146,180,132,-1,-1
235,1915,894,65,59,60,-1,-1
235,1814,914,60,138,103,-1,-1
236,1900,1430,244,258,172,-1,-1
236,1904,496,82,134,92,-1,-1
236,1906,1141,58,111,92,-1,-1
236,1907,1623,312,291,208,-1,-1
236,1910,1163,146,180,132,-1,-1
236,1915,895,64,63,60,-1,-1
236,1814,922,60,139,102,-1,-1
237,1900,1430,244,258,172,-1,-1
237,1904,496,82,134,92,-1,-1
237,1906,1142,58,111,92,-1,-1
237,1907,1623,312,291,208,-1,-1
237,1910,1163,146,180,132,-1,-1
237,1915,895,64,68,60,-1,-1
237,1814,930,60,139,101,-1,-1
238,1900,1430,244,258,171,-1,-1
238,1904,496,82,134,92,-1,-1
238,1906,1142,58,112,92,-1,-1
238,1907,1623,312,291,208,-1,-1
238,1910,1163,146,180,132,-1,-1
238,1915,896,64,73,61,-1,-1
238,1814,939,60,139,100,-1,-1
239,1900,1430,244,258,171,-1,-1
239,1904,496,82,134,92,-1,-1
239,1906,1143,58,112,92,-1,-1
239,1907,1623,312,291,208,-1,-1
239,1910,1163,146,180,132,-1,-1
239,1915,896,63,77,61,-1,-1
239,1814,948,59,139,99,-1,-1
240,1900,1430,244,258,171,-1,-1
240,1904,496,82,134,92,-1,-1
240,1906,1143,58,112,92,-1,-1
240,1907,1623,312,291,208,-1,-1
240,1910,1163,146,180,132,-1,-1
240,1915,897,63,82,61,-1,-1
240,1814,957,59,138,99,-1,-1
241,1900,1430,244,257,171,-1,-1
241,1904,496,82,134,92,-1,-1
241,1906,1144,58,112,92,-1,-1
241,1907,1623,312,291,208,-1,-1
241,1910,1162,146,180,132,-1,-1
241,1915,897,63,86,62,-1,-1
241,1814,967,59,136,98,-1,-1
242,1900,1431,244,257,170,-1,-1
242,1904,496,82,134,92,-1,-1
242,1906,1145,58,112,92,-1,-1
242,1907,1623,312,291,208,-1,-1
242,1910,1162,146,181,132,-1,-1
242,1915,898,62,91,62,-1,-1
242,1814,976,59,133,98,-1,-1
243,1900,1431,244,257,170,-1,-1
243,1904,496,82,134,92,-1,-1
243,1906,1146,58,112,92,-1,-1
243,1907,1623,312,291,208,-1,-1
243,1910,1162,146,181,132,-1,-1
243,1915,899,62,95,62,-1,-1
243,1814,985,58,131,97,-1,-1
244,1900,1431,244,257,170,-1,-1
244,1904,496,82,134,91,-1,-1
244,1906,1146,58,112,92,-1,-1
244,1907,1623,312,291,208,-1,-1
244,1910,1161,146,182,132,-1,-1
244,1915,899,62,100,63,-1,-1
244,1814,995,58,127,96,-1,-1
245,1900,1431,244,257,170,-1,-1
245,1904,496,82,134,91,-1,-1
245,1906,1146,58,112,93,-1,-1
245,1907,1623,312,291,208,-1,-1
245,1910,1161,146,182,132,-1,-1
245,1915,900,61,104,63,-1,-1
245,1814,1004,58,124,96,-1,-1
246,1900,1431,244,257,170,-1,-1
246,1904,497,82,135,91,-1,-1
246,1906,1146,58,113,93,-1,-1
246,1907,1623,312,291,208,-1,-1
246,1910,1161,146,182,132,-1,-1
246,1915,900,61,109,63,-1,-1
246,1814,1013,57,120,95,-1,-1
247,1900,1431,244,257,170,-1,-1
247,1904,497,82,135,91,-1,-1
247,1906,1145,58,114,93,-1,-1
247,1907,1623,312,291,208,-1,-1
247,1910,1160,146,183,132,-1,-1
247,1915,901,60,114,64,-1,-1
247,1814,1022,57,117,94,-1,-1
248,1900,1431,244,257,170,-1,-1
248,1904,497,82,135,91,-1,-1
248,1906,1142,58,117,93,-1,-1
248,1907,1623,312,291,208,-1,-1
248,1910,1160,146,183,132,-1,-1
248,1915,902,60,118,64,-1,-1
248,1814,1031,57,114,93,-1,-1
249,1900,1431,244,257,170,-1,-1
249,1904,497,82,135,91,-1,-1
249,1906,1137,58,122,93,-1,-1
249,1907,1623,312,291,208,-1,-1
249,1910,1160,146,183,132,-1,-1
249,1915,902,60,123,64,-1,-1
249,1814,1039,57,112,92,-1,-1
249,1918,968,64,63,51,-1,-1
250,1900,1431,244,257,171,-1,-1
250,1904,497,82,135,91,-1,-1
250,1906,1130,58,129,93,-1,-1
250,1907,1623,312,291,208,-1,-1
250,1910,1159,146,184,132,-1,-1
250,1814,1047,57,110,91,-1,-1
250,1918,966,64,64,51,-1,-1
251,1900,1431,244,257,171,-1,-1
251,1904,497,82,135,91,-1,-1
251,1906,1123,58,135,93,-1,-1
251,1907,1623,312,291,208,-1,-1
251,1910,1159,146,184,132,-1,-1
251,1814,1055,57,107,89,-1,-1
251,1918,965,64,66,51,-1,-1
252,1900,1431,244,257,171,-1,-1
252,1904,497,82,135,91,-1,-1
252,1906,1119,58,140,93,-1,-1
252,1907,1623,312,291,208,-1,-1
252,1910,1159,146,184,132,-1,-1
252,1814,1063,57,105,88,-1,-1
252,1892,1824,662,91,288,-1,-1
252,1918,964,64,66,51,-1,-1
253,1900,1431,244,257,171,-1,-1
253,1904,497,83,135,91,-1,-1
253,1906,1117,58,141,93,-1,-1
253,1907,1623,312,291,208,-1,-1
253,1910,1159,146,184,132,-1,-1
253,1814,1070,57,101,86,-1,-1
253,1892,1778,616,134,310,-1,-1
253,1918,963,64,67,51,-1,-1
254,1900,1431,244,257,171,-1,-1
254,1904,497,83,135,91,-1,-1
254,1906,1117,58,141,93,-1,-1
254,1907,1623,312,291,208,-1,-1
254,1910,1159,146,184,132,-1,-1
254,1814,1077,57,97,84,-1,-1
254,1892,1733,576,178,326,-1,-1
254,1918,963,64,67,51,-1,-1
255,1900,1431,244,257,171,-1,-1
255,1904,497,83,135,91,-1,-1
255,1906,1117,58,140,93,-1,-1
255,1907,1623,312,291,208,-1,-1
255,1910,1159,146,184,132,-1,-1
255,1814,1083,57,92,82,-1,-1
255,1892,1689,542,221,335,-1,-1
255,1918,963,64,67,51,-1,-1
256,1900,1431,244,257,171,-1,-1
256,1904,497,83,135,91,-1,-1
256,1906,1117,58,139,93,-1,-1
256,1907,1623,312,291,208,-1,-1
256,1910,1159,146,184,132,-1,-1
256,1814,1089,57,84,80,-1,-1
256,1892,1647,514,265,338,-1,-1
256,1918,963,64,67,51,-1,-1
257,1900,1431,244,257,172,-1,-1
257,1904,497,83,135,91,-1,-1
257,1906,1118,58,138,93,-1,-1
257,1907,1623,312,291,208,-1,-1
257,1910,1159,146,184,132,-1,-1
257,1814,1095,57,76,78,-1,-1
257,1892,1606,492,307,334,-1,-1
257,1918,963,64,67,51,-1,-1
258,1900,1431,244,257,172,-1,-1
258,1904,497,83,135,91,-1,-1
258,1906,1119,58,135,93,-1,-1
258,1907,1623,312,291,208,-1,-1
258,1910,1159,146,184,132,-1,-1
258,1814,1100,57,66,76,-1,-1
258,1892,1567,474,347,327,-1,-1
258,1918,963,64,67,51,-1,-1
259,1900,1431,244,258,172,-1,-1
259,1904,497,83,136,91,-1,-1
259,1906,1122,58,132,93,-1,-1
259,1907,1623,312,291,208,-1,-1
259,1910,1160,146,183,132,-1,-1
259,1814,1105,57,55,74,-1,-1
259,1892,1530,458,382,317,-1,-1
259,1918,963,64,67,52,-1,-1
260,1900,1431,244,258,172,-1,-1
260,1904,497,83,136,91,-1,-1
260,1906,1125,58,128,93,-1,-1
260,1907,1623,312,291,208,-1,-1
260,1910,1160,146,183,132,-1,-1
260,1892,1495,444,408,305,-1,-1
260,1918,963,63,67,52,-1,-1
261,1900,1431,244,259,170,-1,-1
261,1904,497,83,136,91,-1,-1
261,1906,1129,58,124,94,-1,-1
261,1907,1623,312,291,208,-1,-1
261,1910,1160,146,183,132,-1,-1
261,1892,1462,431,425,294,-1,-1
261,1918,963,63,68,52,-1,-1
262,1900,1431,244,259,167,-1,-1
262,1904,497,83,136,91,-1,-1
262,1906,1132,58,121,94,-1,-1
262,1907,1623,312,291,208,-1,-1
262,1910,1161,146,183,132,-1,-1
262,1892,1430,417,430,284,-1,-1
262,1918,962,63,68,52,-1,-1
263,1900,1431,244,260,162,-1,-1
263,1904,497,83,136,91,-1,-1
263,1906,1135,58,118,94,-1,-1
263,1907,1623,312,291,208,-1,-1
263,1910,1161,146,182,132,-1,-1
263,1892,1400,403,427,275,-1,-1
263,1918,962,63,68,52,-1,-1
264,1900,1432,244,260,156,-1,-1
264,1904,497,83,136,91,-1,-1
264,1906,1139,58,116,94,-1,-1
264,1907,1623,312,291,208,-1,-1
264,1910,1161,146,182,132,-1,-1
264,1892,1371,388,419,267,-1,-1
264,1918,962,63,68,52,-1,-1
265,1900,1432,244,260,152,-1,-1
265,1904,497,83,136,91,-1,-1
265,1906,1141,58,114,94,-1,-1
265,1907,1623,312,291,208,-1,-1
265,1910,1162,146,181,132,-1,-1
265,1892,1344,372,410,261,-1,-1
265,1918,962,63,68,52,-1,-1
266,1900,1433,244,260,152,-1,-1
266,1904,497,83,136,91,-1,-1
266,1906,1143,58,114,94,-1,-1
266,1907,1623,312,291,208,-1,-1
266,1910,1162,146,181,132,-1,-1
266,1892,1318,357,399,256,-1,-1
266,1918,962,63,68,52,-1,-1
267,1900,1434,244,259,156,-1,-1
267,1904,497,83,136,91,-1,-1
267,1906,1144,58,115,94,-1,-1
267,1907,1623,312,291,208,-1,-1
267,1910,1163,146,181,132,-1,-1
267,1892,1294,343,388,251,-1,-1
267,1918,962,63,68,52,-1,-1
268,1900,1435,244,258,161,-1,-1
268,1904,497,83,136,91,-1,-1
268,1906,1144,58,116,94,-1,-1
268,1907,1623,312,291,208,-1,-1
268,1910,1163,146,180,132,-1,-1
268,1892,1270,330,377,245,-1,-1
268,1918,962,63,68,52,-1,-1
269,1900,1436,244,258,165,-1,-1
269,1904,497,83,136,91,-1,-1
269,1906,1144,58,118,94,-1,-1
269,1907,1623,312,291,208,-1,-1
269,1910,1163,146,180,132,-1,-1
269,1892,1248,318,365,240,-1,-1
269,1918,962,63,68,52,-1,-1
270,1900,1437,244,258,168,-1,-1
270,1904,497,83,136,91,-1,-1
270,1906,1142,58,120,94,-1,-1
270,1907,1623,312,291,208,-1,-1
270,1910,1164,146,179,132,-1,-1
270,1892,1227,307,353,234,-1,-1
270,1918,962,63,68,52,-1,-1
271,1900,1437,244,258,169,-1,-1
271,1904,497,83,136,91,-1,-1
271,1906,1141,58,121,94,-1,-1
271,1907,1623,312,291,208,-1,-1
271,1910,1165,146,179,132,-1,-1
271,1892,1207,297,341,229,-1,-1
271,1918,962,63,68,52,-1,-1
272,1900,1437,244,258,169,-1,-1
272,1904,497,83,136,91,-1,-1
272,1906,1140,58,121,94,-1,-1
272,1907,1623,312,291,208,-1,-1
272,1910,1165,146,178,132,-1,-1
272,1892,1188,287,329,224,-1,-1
272,1918,961,63,68,53,-1,-1
273,1900,1437,244,257,170,-1,-1
273,1904,497,83,136,91,-1,-1
273,1906,1140,58,119,94,-1,-1
273,1907,1623,312,291,208,-1,-1
273,1910,1166,146,177,132,-1,-1
273,1892,1171,277,319,219,-1,-1
273,1918,961,63,68,53,-1,-1
274,1900,1437,244,257,171,-1,-1
274,1904,497,83,136,91,-1,-1
274,1906,1140,58,117,94,-1,-1
274,1907,1623,312,291,208,-1,-1
274,1910,1168,146,176,132,-1,-1
274,1892,1154,268,311,215,-1,-1
274,1918,961,62,68,53,-1,-1
275,1900,1437,244,257,172,-1,-1
275,1904,497,83,136,91,-1,-1
275,1906,1140,58,115,94,-1,-1
275,1907,1623,312,291,208,-1,-1
275,1910,1169,146,174,132,-1,-1
275,1892,1137,260,302,210,-1,-1
275,1918,961,62,68,53,-1,-1
276,1900,1438,244,257,173,-1,-1
276,1904,497,83,136,91,-1,-1
276,1906,1141,58,113,93,-1,-1
276,1907,1623,312,291,208,-1,-1
276,1910,1171,146,172,132,-1,-1
276,1892,1122,252,295,206,-1,-1
276,1918,961,62,68,53,-1,-1
277,1900,1438,244,256,173,-1,-1
277,1904,497,83,135,91,-1,-1
277,1906,1141,58,112,93,-1,-1
277,1907,1623,312,291,208,-1,-1
277,1910,1173,146,171,132,-1,-1
277,1892,1107,244,287,201,-1,-1
277,1918,961,62,68,53,-1,-1
277,1890,1746,566,171,381,-1,-1
278,1900,1438,244,256,173,-1,-1
278,1904,497,83,135,91,-1,-1
278,1906,1142,58,111,93,-1,-1
278,1907,1623,312,291,208,-1,-1
278,1910,1174,146,169,132,-1,-1
278,1892,1092,237,280,197,-1,-1
278,1918,961,62,68,53,-1,-1
278,1890,1695,545,215,360,-1,-1
279,1900,1438,244,256,172,-1,-1
279,1904,497,83,135,91,-1,-1
279,1906,1143,58,111,93,-1,-1
279,1907,1623,312,291,208,-1,-1
279,1910,1176,146,168,132,-1,-1
279,1892,1078,231,272,192,-1,-1
279,1918,961,62,68,53,-1,-1
279,1890,1646,524,262,341,-1,-1
280,1900,1438,244,255,172,-1,-1
280,1904,497,83,135,91,-1,-1
280,1906,1143,58,110,93,-1,-1
280,1907,1623,312,291,208,-1,-1
280,1910,1177,145,167,132,-1,-1
280,1892,1065,225,264,188,-1,-1
280,1918,961,62,68,53,-1,-1
280,1890,1598,503,311,325,-1,-1
281,1900,1438,244,255,171,-1,-1
281,1904,497,83,135,91,-1,-1
281,1906,1143,58,110,93,-1,-1
281,1907,1623,312,291,208,-1,-1
281,1910,1177,145,166,132,-1,-1
281,1892,1052,219,257,183,-1,-1
281,1918,962,62,68,53,-1,-1
281,1890,1553,483,358,311,-1,-1
282,1900,1438,244,255,170,-1,-1
282,1904,497,83,135,91,-1,-1
282,1906,1143,58,110,93,-1,-1
282,1907,1623,312,291,208,-1,-1
282,1910,1178,145,166,132,-1,-1
282,1892,1039,214,251,178,-1,-1
282,1918,962,62,67,53,-1,-1
282,1890,1510,464,399,301,-1,-1
283,1900,1437,244,256,169,-1,-1
283,1904,497,83,135,91,-1,-1
283,1906,1142,58,110,93,-1,-1
283,1907,1623,312,291,208,-1,-1
283,1910,1178,145,165,132,-1,-1
283,1892,1027,208,245,174,-1,-1
283,1918,962,62,67,53,-1,-1
283,1890,1470,445,427,292,-1,-1
284,1900,1437,244,256,166,-1,-1
284,1904,497,83,135,91,-1,-1
284,1906,1142,58,110,93,-1,-1
284,1907,1623,312,291,208,-1,-1
284,1910,1178,145,165,132,-1,-1
284,1892,1016,203,241,170,-1,-1
284,1918,962,62,67,53,-1,-1
284,1890,1433,427,433,285,-1,-1
285,1900,1436,244,257,162,-1,-1
285,1904,497,83,134,91,-1,-1
285,1906,1142,58,110,93,-1,-1
285,1907,1623,312,291,208,-1,-1
285,1910,1178,145,166,132,-1,-1
285,1892,1006,198,237,166,-1,-1
285,1918,962,62,67,54,-1,-1
285,1890,1398,410,422,278,-1,-1
286,1900,1436,244,257,159,-1,-1
286,1904,497,83,134,91,-1,-1
286,1906,1142,58,110,93,-1,-1
286,1907,1623,312,291,208,-1,-1
286,1910,1177,145,166,132,-1,-1
286,1892,996,193,233,163,-1,-1
286,1918,962,62,67,54,-1,-1
286,1890,1366,393,404,272,-1,-1
287,1900,1436,244,257,157,-1,-1
287,1904,497,83,134,91,-1,-1
287,1906,1143,58,110,93,-1,-1
287,1907,1623,312,291,208,-1,-1
287,1910,1177,145,167,133,-1,-1
287,1892,986,188,228,160,-1,-1
287,1918,962,62,67,54,-1,-1
287,1890,1337,378,384,265,-1,-1
288,1900,1436,244,258,159,-1,-1
288,1904,497,83,134,91,-1,-1
288,1906,1144,58,110,93,-1,-1
288,1907,1623,312,291,208,-1,-1
288,1910,1175,145,168,133,-1,-1
288,1892,977,183,223,157,-1,-1
288,1918,962,61,67,54,-1,-1
288,1890,1309,363,368,259,-1,-1
289,1900,1436,244,258,162,-1,-1
289,1904,497,83,134,91,-1,-1
289,1906,1145,58,109,93,-1,-1
289,1907,1623,312,292,208,-1,-1
289,1910,1174,145,169,133,-1,-1
289,1892,969,178,219,154,-1,-1
289,1918,962,61,67,54,-1,-1
289,1890,1282,349,355,252,-1,-1
290,1900,1436,244,258,165,-1,-1
290,1904,497,83,133,91,-1,-1
290,1906,1145,58,109,93,-1,-1
290,1907,1623,312,292,208,-1,-1
290,1910,1172,145,171,133,-1,-1
290,1892,961,173,214,152,-1,-1
290,1918,962,61,67,54,-1,-1
290,1890,1258,336,344,245,-1,-1
291,1900,1436,244,258,167,-1,-1
291,1904,497,83,133,91,-1,-1
291,1906,1145,58,110,92,-1,-1
291,1907,1623,312,292,208,-1,-1
291,1910,1171,145,173,133,-1,-1
291,1892,953,168,210,149,-1,-1
291,1918,962,61,67,54,-1,-1
291,1890,1235,323,331,238,-1,-1
292,1900,1436,244,258,168,-1,-1
292,1904,497,83,133,91,-1,-1
292,1906,1145,58,110,92,-1,-1
292,1907,1623,312,292,208,-1,-1
292,1910,1169,145,174,133,-1,-1
292,1892,946,163,205,147,-1,-1
292,1918,962,61,66,54,-1,-1
292,1890,1213,311,318,232,-1,-1
293,1900,1436,244,258,169,-1,-1
293,1904,497,83,133,91,-1,-1
293,1906,1144,58,110,92,-1,-1
293,1907,1623,312,292,208,-1,-1
293,1910,1168,145,175,133,-1,-1
293,1892,939,159,200,144,-1,-1
293,1918,963,61,66,54,-1,-1
293,1890,1192,300,306,225,-1,-1
294,1900,1436,244,257,170,-1,-1
294,1904,497,83,133,91,-1,-1
294,1906,1143,58,110,92,-1,-1
294,1907,1623,312,292,208,-1,-1
294,1910,1168,145,176,133,-1,-1
294,1892,932,154,195,142,-1,-1
294,1918,963,61,66,54,-1,-1
294,1890,1173,290,296,218,-1,-1
295,1900,1437,244,257,171,-1,-1
295,1904,497,83,133,91,-1,-1
295,1906,1142,57,110,92,-1,-1
295,1907,1623,312,292,208,-1,-1
295,1910,1168,145,175,133,-1,-1
295,1892,925,150,191,141,-1,-1
295,1918,963,61,66,54,-1,-1
295,1890,1154,280,288,212,-1,-1
296,1900,1437,244,257,171,-1,-1
296,1904,497,83,133,91,-1,-1
296,1906,1142,57,111,92,-1,-1
296,1907,1623,312,292,208,-1,-1
296,1910,1169,145,174,133,-1,-1
296,1892,918,146,188,139,-1,-1
296,1918,962,61,67,54,-1,-1
296,1890,1136,270,281,206,-1,-1
297,1900,1438,244,256,171,-1,-1
297,1904,497,83,133,91,-1,-1
297,1906,1141,57,111,92,-1,-1
297,1907,1623,312,292,208,-1,-1
297,1910,1171,145,173,133,-1,-1
297,1892,911,142,186,137,-1,-1
297,1918,959,61,70,54,-1,-1
297,1890,1119,261,274,200,-1,-1
298,1900,1438,244,256,171,-1,-1
298,1904,497,83,133,91,-1,-1
298,1906,1142,57,111,92,-1,-1
298,1907,1623,312,292,208,-1,-1
298,1910,1172,145,171,133,-1,-1
298,1892,905,139,184,135,-1,-1
298,1918,954,61,75,54,-1,-1
298,1890,1102,253,268,193,-1,-1
299,1900,1438,244,255,172,-1,-1
299,1904,497,83,133,91,-1,-1
299,1906,1142,57,111,92,-1,-1
299,1907,1623,312,292,208,-1,-1
299,1910,1174,145,169,133,-1,-1
299,1892,899,136,182,133,-1,-1
299,1918,946,61,82,55,-1,-1
299,1890,1085,245,262,187,-1,-1
300,1900,1439,244,255,172,-1,-1
300,1904,497,83,132,91,-1,-1
300,1906,1143,57,111,92,-1,-1
300,1907,1623,312,292,208,-1,-1
300,1910,1176,145,168,133,-1,-1
300,1892,893,133,179,130,-1,-1
300,1918,936,61,92,55,-1,-1
300,1890,1069,238,255,181,-1,-1
301,1900,1439,244,255,172,-1,-1
301,1906,1144,57,111,92,-1,-1
301,1907,1623,312,292,208,-1,-1
301,1910,1177,145,167,133,-1,-1
301,1892,887,131,176,128,-1,-1
301,1918,927,60,102,55,-1,-1
301,1890,1054,231,247,176,-1,-1
302,1900,1439,244,255,172,-1,-1
302,1906,1145,57,112,92,-1,-1
302,1907,1623,312,292,208,-1,-1
302,1910,1178,145,166,133,-1,-1
302,1892,882,129,173,125,-1,-1
302,1918,918,60,110,55,-1,-1
302,1890,1040,225,241,171,-1,-1
303,1900,1438,244,255,172,-1,-1
303,1906,1146,57,112,91,-1,-1
303,1907,1623,312,292,208,-1,-1
303,1910,1178,145,166,133,-1,-1
303,1892,878,126,169,123,-1,-1
303,1918,911,60,117,55,-1,-1
303,1890,1027,219,237,167,-1,-1
304,1900,1437,244,256,173,-1,-1
304,1906,1146,57,113,91,-1,-1
304,1907,1623,312,292,208,-1,-1
304,1910,1178,145,166,133,-1,-1
304,1892,874,124,165,120,-1,-1
304,1918,908,60,120,55,-1,-1
304,1890,1015,213,235,163,-1,-1
305,1900,1436,244,257,173,-1,-1
305,1906,1146,57,113,91,-1,-1
305,1907,1623,312,292,208,-1,-1
305,1910,1177,145,167,133,-1,-1
305,1892,871,121,161,118,-1,-1
305,1918,906,60,122,55,-1,-1
305,1890,1003,207,232,161,-1,-1
306,1900,1435,244,258,173,-1,-1
306,1906,1146,57,114,91,-1,-1
306,1907,1623,312,292,208,-1,-1
306,1910,1176,145,168,133,-1,-1
306,1892,868,118,158,117,-1,-1
306,1918,906,60,122,55,-1,-1
306,1890,992,202,228,159,-1,-1
307,1900,1434,244,258,173,-1,-1
307,1906,1146,57,114,91,-1,-1
307,1907,1623,312,292,208,-1,-1
307,1910,1175,145,169,133,-1,-1
307,1892,865,114,156,115,-1,-1
307,1918,907,60,121,55,-1,-1
307,1890,982,196,221,157,-1,-1
308,1900,1433,244,259,172,-1,-1
308,1906,1146,57,114,91,-1,-1
308,1907,1623,312,292,208,-1,-1
308,1910,1173,145,170,133,-1,-1
308,1892,863,109,155,114,-1,-1
308,1918,908,60,120,55,-1,-1
308,1890,972,190,214,154,-1,-1
309,1900,1433,244,260,172,-1,-1
309,1906,1146,57,114,91,-1,-1
309,1907,1623,312,292,208,-1,-1
309,1910,1172,145,172,133,-1,-1
309,1892,860,104,152,114,-1,-1
309,1918,909,60,119,55,-1,-1
309,1890,963,183,208,151,-1,-1
310,1900,1432,244,260,171,-1,-1
310,1906,1145,57,114,91,-1,-1
310,1907,1623,312,292,208,-1,-1
310,1910,1170,145,173,133,-1,-1
310,1892,858,99,149,114,-1,-1
310,1918,910,60,118,55,-1,-1
310,1890,954,177,202,147,-1,-1
