1,2011,829,149,81,61,-1,-1
2,2011,829,149,81,61,-1,-1
3,2011,829,149,81,61,-1,-1
4,2011,829,149,81,61,-1,-1
5,2011,829,149,81,61,-1,-1
6,2010,860,103,87,58,-1,-1
6,2011,829,149,81,61,-1,-1
7,2010,860,103,87,58,-1,-1
7,2011,829,149,81,61,-1,-1
8,2010,861,103,87,58,-1,-1
8,2011,829,149,81,61,-1,-1
9,2010,861,103,87,57,-1,-1
9,2011,829,149,81,61,-1,-1
10,2010,861,103,86,57,-1,-1
10,2011,829,149,81,61,-1,-1
11,2010,861,103,86,57,-1,-1
11,2011,829,149,81,61,-1,-1
12,2010,862,103,86,56,-1,-1
12,2011,829,149,81,61,-1,-1
13,2010,862,103,86,56,-1,-1
13,2011,829,149,81,61,-1,-1
14,2010,862,103,86,55,-1,-1
14,2011,829,149,81,61,-1,-1
15,2010,862,102,85,55,-1,-1
15,2011,829,149,81,61,-1,-1
16,2010,863,102,85,55,-1,-1
16,2011,829,149,81,61,-1,-1
17,2010,863,102,85,54,-1,-1
17,2011,829,149,81,61,-1,-1
18,2010,863,102,85,54,-1,-1
18,2011,829,149,81,61,-1,-1
19,2010,863,102,85,54,-1,-1
19,2011,829,149,81,61,-1,-1
20,2010,864,102,84,53,-1,-1
20,2011,829,149,81,61,-1,-1
21,2010,864,102,84,53,-1,-1
21,2011,829,149,81,61,-1,-1
22,2010,864,102,84,53,-1,-1
22,2011,829,149,81,61,-1,-1
23,2010,864,102,84,52,-1,-1
23,2011,829,149,81,61,-1,-1
24,2010,865,102,84,52,-1,-1
24,2011,829,149,81,61,-1,-1
25,2010,865,102,83,51,-1,-1
25,2011,829,149,81,61,-1,-1
26,2010,865,102,83,51,-1,-1
26,2011,829,149,81,61,-1,-1
27,2010,865,102,83,51,-1,-1
27,2011,829,149,81,61,-1,-1
28,2010,866,102,83,50,-1,-1
28,2011,829,149,81,61,-1,-1
29,2010,866,101,82,50,-1,-1
29,2011,829,149,81,61,-1,-1
30,2010,866,101,82,50,-1,-1
30,2011,829,150,81,61,-1,-1
31,2010,866,101,82,49,-1,-1
31,2011,829,150,81,61,-1,-1
32,2010,867,101,82,49,-1,-1
32,2011,829,150,81,61,-1,-1
33,2010,867,101,82,49,-1,-1
33,2011,829,150,81,61,-1,-1
34,2010,867,101,81,48,-1,-1
34,2011,829,150,81,61,-1,-1
35,2010,867,101,81,48,-1,-1
35,2011,829,150,81,61,-1,-1
36,2010,868,101,81,48,-1,-1
36,2011,829,150,81,61,-1,-1
37,2011,829,150,81,61,-1,-1
38,2011,829,150,81,61,-1,-1
39,2011,829,150,81,61,-1,-1
40,2011,829,150,81,61,-1,-1
41,2011,829,150,81,61,-1,-1
42,2011,829,150,81,61,-1,-1
43,2011,829,150,81,61,-1,-1
44,2011,829,150,81,61,-1,-1
45,2011,829,150,81,61,-1,-1
46,2011,829,150,81,60,-1,-1
47,2011,829,150,81,60,-1,-1
48,2011,829,150,81,60,-1,-1
49,2011,829,150,81,60,-1,-1
50,2011,829,150,81,60,-1,-1
51,2011,829,150,81,60,-1,-1
52,2011,829,150,81,60,-1,-1
53,2011,829,150,81,60,-1,-1
54,2011,829,150,81,60,-1,-1
55,2011,829,150,81,60,-1,-1
56,2011,829,150,81,60,-1,-1
57,2011,829,150,81,60,-1,-1
58,2011,829,150,81,60,-1,-1
59,2011,829,150,81,60,-1,-1
60,2011,829,150,81,60,-1,-1
61,2011,829,150,81,60,-1,-1
62,2011,829,150,81,60,-1,-1
63,2011,829,150,81,60,-1,-1
64,2011,829,150,81,60,-1,-1
65,2011,829,150,81,60,-1,-1
66,2011,829,150,81,60,-1,-1
67,2011,829,150,81,60,-1,-1
68,2011,829,150,81,60,-1,-1
69,2011,829,150,81,60,-1,-1
70,2011,829,150,81,60,-1,-1
71,2011,829,150,81,60,-1,-1
72,2011,829,150,81,60,-1,-1
73,2011,829,150,81,60,-1,-1
74,2011,829,150,81,60,-1,-1
74,2012,1199,68,47,17,-1,-1
75,2011,829,150,81,60,-1,-1
75,2012,1197,68,47,17,-1,-1
76,2011,829,150,81,60,-1,-1
76,2012,1194,68,47,17,-1,-1
76,2014,1070,72,63,19,-1,-1
77,2011,829,150,81,60,-1,-1
77,2012,1192,69,47,17,-1,-1
77,2014,1069,71,63,20,-1,-1
78,2011,829,150,81,60,-1,-1
78,2012,1190,69,47,17,-1,-1
78,2014,1068,70,63,21,-1,-1
79,2011,829,150,81,60,-1,-1
79,2012,1188,69,47,17,-1,-1
79,2014,1067,69,64,22,-1,-1
80,2011,829,150,82,60,-1,-1
80,2012,1185,70,47,17,-1,-1
80,2014,1067,68,64,23,-1,-1
80,1809,922,909,519,165,-1,-1
81,2011,829,150,82,60,-1,-1
81,2012,1183,70,47,17,-1,-1
81,2014,1066,67,64,24,-1,-1
81,1809,933,886,498,189,-1,-1
82,2011,829,150,82,60,-1,-1
82,2012,1181,70,46,17,-1,-1
82,2014,1065,67,65,25,-1,-1
82,1809,945,863,476,211,-1,-1
83,2011,829,150,82,60,-1,-1
83,2012,1178,70,46,17,-1,-1
83,2014,1065,66,65,26,-1,-1
83,1809,957,841,454,232,-1,-1
84,2011,829,150,82,60,-1,-1
84,2012,1176,71,46,17,-1,-1
84,2014,1064,65,65,27,-1,-1
84,1809,970,820,432,253,-1,-1
85,2011,829,150,82,60,-1,-1
85,2012,1174,71,46,17,-1,-1
85,2014,1064,64,65,28,-1,-1
85,1809,982,799,411,273,-1,-1
86,2011,829,150,82,60,-1,-1
86,2012,1171,71,46,17,-1,-1
86,2014,1063,63,65,29,-1,-1
86,1809,994,778,390,293,-1,-1
87,2011,829,150,82,60,-1,-1
87,2012,1169,72,46,17,-1,-1
87,2014,1063,62,66,29,-1,-1
87,1809,1004,758,371,309,-1,-1
88,2011,829,150,82,60,-1,-1
88,2012,1167,72,46,17,-1,-1
88,2014,1063,61,66,30,-1,-1
88,1809,1014,738,354,320,-1,-1
89,2011,829,150,82,60,-1,-1
89,2012,1164,72,46,17,-1,-1
89,2014,1062,60,66,31,-1,-1
89,1809,1021,719,339,324,-1,-1
90,2011,829,150,82,60,-1,-1
90,2012,1162,72,46,17,-1,-1
90,2014,1062,60,66,32,-1,-1
90,1809,1027,701,326,322,-1,-1
91,2011,829,150,82,60,-1,-1
91,2012,1160,73,46,17,-1,-1
91,2014,1062,59,66,33,-1,-1
91,1809,1032,683,316,316,-1,-1
92,2011,829,150,82,60,-1,-1
92,2012,1157,73,46,17,-1,-1
92,2014,1061,58,66,33,-1,-1
92,1809,1035,665,307,308,-1,-1
93,2011,829,150,82,60,-1,-1
93,2012,1155,73,46,17,-1,-1
93,2014,1061,57,66,34,-1,-1
93,1809,1036,648,301,300,-1,-1
94,2011,829,150,82,60,-1,-1
94,2012,1153,74,46,17,-1,-1
94,2014,1061,56,66,35,-1,-1
94,1809,1037,632,295,293,-1,-1
95,2011,829,150,82,60,-1,-1
95,2012,1150,74,46,17,-1,-1
95,2014,1061,56,66,36,-1,-1
95,1809,1038,616,291,286,-1,-1
96,2011,829,150,82,60,-1,-1
96,2012,1148,74,46,17,-1,-1
96,2014,1061,55,66,36,-1,-1
96,1809,1038,600,286,280,-1,-1
97,2011,829,150,82,60,-1,-1
97,2014,1060,54,66,37,-1,-1
97,1809,1040,585,282,274,-1,-1
98,2011,829,150,82,60,-1,-1
98,2013,1141,74,40,17,-1,-1
98,2014,1060,54,66,38,-1,-1
98,1809,1042,571,277,269,-1,-1
99,2011,829,150,82,60,-1,-1
99,2013,1141,74,41,17,-1,-1
99,2014,1060,53,66,38,-1,-1
99,1809,1044,556,271,263,-1,-1
100,2011,829,150,82,60,-1,-1
100,2013,1141,74,41,17,-1,-1
100,2014,1060,52,66,39,-1,-1
100,1809,1048,542,265,257,-1,-1
101,2011,829,150,82,60,-1,-1
101,2013,1141,74,41,17,-1,-1
101,2014,1059,52,66,40,-1,-1
101,1809,1052,529,259,251,-1,-1
102,2011,829,150,82,60,-1,-1
102,2013,1140,74,42,17,-1,-1
102,2014,1059,51,67,40,-1,-1
102,1809,1056,516,252,245,-1,-1
103,2011,829,150,82,60,-1,-1
103,2013,1140,74,42,17,-1,-1
103,2014,1059,50,67,41,-1,-1
103,1809,1061,503,245,240,-1,-1
104,2011,829,150,82,60,-1,-1
104,2013,1140,74,43,17,-1,-1
104,2014,1058,50,67,41,-1,-1
104,1809,1065,491,238,235,-1,-1
105,2011,829,150,82,60,-1,-1
105,2013,1140,74,43,17,-1,-1
105,2014,1058,49,68,42,-1,-1
105,1809,1068,478,232,231,-1,-1
106,2011,829,150,82,60,-1,-1
106,2013,1139,74,43,17,-1,-1
106,2014,1057,49,68,43,-1,-1
106,1809,1071,467,227,228,-1,-1
107,2011,829,150,82,60,-1,-1
107,2013,1139,74,44,17,-1,-1
107,2014,1057,48,69,43,-1,-1
107,1809,1074,455,222,224,-1,-1
108,2011,829,150,82,60,-1,-1
108,2013,1139,74,44,18,-1,-1
108,2014,1056,48,70,44,-1,-1
108,1809,1075,444,218,220,-1,-1
109,2011,829,150,82,60,-1,-1
109,2013,1139,74,44,18,-1,-1
109,2014,1056,48,70,44,-1,-1
109,1809,1076,433,214,217,-1,-1
110,2011,829,150,82,60,-1,-1
110,2013,1138,74,45,18,-1,-1
110,2014,1055,47,71,45,-1,-1
110,1809,1077,422,211,214,-1,-1
111,2011,829,150,82,60,-1,-1
111,2013,1138,74,45,18,-1,-1
111,2014,1055,47,72,45,-1,-1
111,1809,1078,412,207,211,-1,-1
112,2011,829,150,82,60,-1,-1
112,2013,1138,74,45,18,-1,-1
112,2014,1054,46,73,46,-1,-1
112,1809,1079,402,204,207,-1,-1
113,2011,829,150,82,60,-1,-1
113,2013,1138,74,46,18,-1,-1
113,2014,1053,46,74,46,-1,-1
113,1809,1080,392,200,204,-1,-1
114,2011,829,150,82,60,-1,-1
114,2013,1137,74,46,18,-1,-1
114,2014,1053,46,75,47,-1,-1
114,1809,1081,382,196,199,-1,-1
115,2011,829,150,82,60,-1,-1
115,2013,1137,74,46,18,-1,-1
115,2014,1052,46,76,47,-1,-1
115,1809,1083,373,192,194,-1,-1
116,2011,829,150,82,60,-1,-1
116,2013,1137,74,47,18,-1,-1
116,2014,1051,46,77,48,-1,-1
116,1809,1085,364,188,188,-1,-1
117,2011,829,150,82,60,-1,-1
117,2013,1137,74,47,18,-1,-1
117,2014,1050,45,78,48,-1,-1
117,1809,1087,355,185,182,-1,-1
118,2011,829,150,82,60,-1,-1
118,2013,1136,74,47,18,-1,-1
118,2014,1050,45,79,48,-1,-1
118,1809,1089,347,181,177,-1,-1
119,2011,829,150,82,60,-1,-1
119,2013,1136,74,48,19,-1,-1
119,2014,1049,45,80,49,-1,-1
119,1809,1091,338,177,173,-1,-1
120,2011,829,150,82,60,-1,-1
120,2013,1136,74,48,19,-1,-1
120,2014,1049,45,81,49,-1,-1
120,1809,1092,330,174,170,-1,-1
121,2011,829,150,82,60,-1,-1
121,2013,1136,74,48,19,-1,-1
121,2014,1048,45,81,50,-1,-1
121,1809,1094,322,171,167,-1,-1
122,2011,829,150,82,60,-1,-1
122,2013,1135,74,49,19,-1,-1
122,2014,1047,45,82,50,-1,-1
122,1809,1095,315,168,165,-1,-1
123,2011,829,150,82,60,-1,-1
123,2013,1135,74,49,19,-1,-1
123,2014,1047,45,83,50,-1,-1
123,1809,1097,308,165,162,-1,-1
124,2011,829,150,82,60,-1,-1
124,2013,1135,74,49,19,-1,-1
124,2014,1046,45,83,51,-1,-1
124,1809,1098,300,163,158,-1,-1
125,2011,829,150,82,60,-1,-1
125,2013,1135,74,50,19,-1,-1
125,2014,1046,45,84,51,-1,-1
125,1809,1099,293,160,154,-1,-1
126,2011,829,150,82,60,-1,-1
126,2013,1134,74,50,19,-1,-1
126,2014,1046,46,84,51,-1,-1
126,1809,1100,287,158,150,-1,-1
127,2011,829,150,82,60,-1,-1
127,2013,1134,74,51,19,-1,-1
127,2014,1045,46,84,52,-1,-1
127,1809,1101,280,156,148,-1,-1
128,2011,829,150,82,60,-1,-1
128,2013,1134,74,51,19,-1,-1
128,2014,1045,46,84,52,-1,-1
128,1809,1102,274,154,147,-1,-1
129,2011,829,150,82,60,-1,-1
129,2013,1134,74,51,19,-1,-1
129,2014,1045,46,84,52,-1,-1
129,1809,1102,267,153,147,-1,-1
130,2011,829,150,82,60,-1,-1
130,2013,1133,74,52,20,-1,-1
130,2014,1045,47,84,52,-1,-1
130,1809,1103,261,151,146,-1,-1
131,2011,829,150,82,60,-1,-1
131,2013,1133,74,52,20,-1,-1
131,2014,1044,47,84,53,-1,-1
131,1809,1103,255,150,145,-1,-1
132,2011,829,150,82,60,-1,-1
132,2013,1133,74,52,20,-1,-1
132,2014,1044,47,84,53,-1,-1
132,1809,1103,249,148,141,-1,-1
133,2011,829,150,82,60,-1,-1
133,2013,1133,74,53,20,-1,-1
133,2014,1044,48,83,53,-1,-1
133,1809,1104,244,147,136,-1,-1
134,2011,829,150,82,60,-1,-1
134,2013,1132,74,53,20,-1,-1
134,2014,1044,48,83,53,-1,-1
134,1809,1104,238,145,129,-1,-1
135,2011,829,150,82,60,-1,-1
135,2013,1132,73,53,20,-1,-1
135,2014,1044,48,83,53,-1,-1
135,1809,1105,233,144,122,-1,-1
136,2011,829,150,82,60,-1,-1
136,2013,1132,73,54,20,-1,-1
136,2014,1044,49,82,54,-1,-1
136,1809,1106,227,142,118,-1,-1
137,2011,829,150,82,60,-1,-1
137,2013,1132,73,54,20,-1,-1
137,2014,1044,49,82,54,-1,-1
137,1809,1107,222,141,119,-1,-1
138,2011,829,150,82,60,-1,-1
138,2014,1044,50,81,54,-1,-1
138,1809,1107,217,139,123,-1,-1
139,2011,829,150,82,60,-1,-1
139,2014,1043,50,81,54,-1,-1
139,1809,1108,212,138,128,-1,-1
140,2011,829,150,82,60,-1,-1
140,2014,1043,51,80,54,-1,-1
140,1809,1109,207,137,130,-1,-1
141,2011,829,150,82,60,-1,-1
141,2014,1043,51,80,54,-1,-1
141,1809,1109,203,136,126,-1,-1
142,2011,829,150,82,60,-1,-1
142,2014,1043,52,79,54,-1,-1
142,1809,1110,198,135,118,-1,-1
143,2011,829,150,82,60,-1,-1
143,2014,1043,52,79,55,-1,-1
143,1809,1110,194,134,105,-1,-1
144,2011,829,150,82,60,-1,-1
144,2014,1042,53,78,55,-1,-1
144,1809,1110,189,134,91,-1,-1
145,2011,829,150,82,60,-1,-1
145,2014,1042,53,78,55,-1,-1
145,1809,1111,185,133,80,-1,-1
146,2011,829,150,82,60,-1,-1
146,2014,1041,54,78,55,-1,-1
146,1809,1112,181,132,75,-1,-1
147,2011,829,150,82,60,-1,-1
147,2014,1041,54,78,55,-1,-1
147,1809,1112,177,131,76,-1,-1
148,2011,829,150,82,60,-1,-1
148,2014,1040,55,77,55,-1,-1
148,1809,1113,173,130,82,-1,-1
149,2011,829,150,82,60,-1,-1
149,2014,1040,55,77,55,-1,-1
149,1809,1114,169,129,91,-1,-1
150,2011,829,150,82,60,-1,-1
150,2014,1039,56,77,55,-1,-1
150,1809,1115,166,128,101,-1,-1
151,2011,829,150,82,60,-1,-1
151,2014,1038,56,78,56,-1,-1
151,1809,1115,162,128,107,-1,-1
152,2011,829,150,82,60,-1,-1
152,2014,1037,57,78,56,-1,-1
152,1809,1116,158,127,107,-1,-1
153,2011,829,150,82,60,-1,-1
153,2014,1036,57,78,56,-1,-1
153,2015,863,107,84,61,-1,-1
153,1809,1116,155,126,102,-1,-1
154,2011,829,150,82,60,-1,-1
154,2014,1035,58,78,56,-1,-1
154,2015,863,107,84,61,-1,-1
154,1809,1116,152,126,94,-1,-1
155,2011,829,150,82,60,-1,-1
155,2014,1034,58,79,56,-1,-1
155,2015,863,108,83,60,-1,-1
155,1809,1116,148,126,87,-1,-1
156,2011,829,150,82,60,-1,-1
156,2014,1033,59,79,56,-1,-1
156,2015,863,108,83,60,-1,-1
156,1809,1116,145,125,82,-1,-1
157,2011,829,150,82,60,-1,-1
157,2014,1031,59,80,57,-1,-1
157,2015,863,108,83,60,-1,-1
157,1809,1116,142,124,80,-1,-1
158,2011,829,150,82,60,-1,-1
158,2014,1030,60,81,57,-1,-1
158,2015,863,108,83,60,-1,-1
158,1809,1117,139,124,79,-1,-1
159,2011,829,150,82,60,-1,-1
159,2014,1029,60,81,57,-1,-1
159,2015,863,108,83,59,-1,-1
159,1809,1117,136,123,80,-1,-1
160,2011,829,150,82,60,-1,-1
160,2014,1027,61,82,57,-1,-1
160,2015,863,108,83,59,-1,-1
160,1809,1118,133,121,82,-1,-1
161,2011,829,150,82,60,-1,-1
161,2014,1026,61,83,57,-1,-1
161,2015,863,108,83,59,-1,-1
161,1809,1119,131,120,85,-1,-1
162,2011,829,150,82,60,-1,-1
162,2014,1024,62,83,58,-1,-1
162,2015,863,108,83,58,-1,-1
162,2016,1051,47,78,50,-1,-1
162,1809,1119,128,119,88,-1,-1
163,2011,829,150,82,60,-1,-1
163,2014,1022,62,84,58,-1,-1
163,2015,863,108,83,58,-1,-1
163,2016,1051,49,77,49,-1,-1
163,1809,1120,126,118,91,-1,-1
164,2011,829,150,82,60,-1,-1
164,2014,1020,63,85,58,-1,-1
164,2015,864,108,83,58,-1,-1
164,2016,1051,50,76,48,-1,-1
164,1809,1120,123,117,92,-1,-1
165,2011,829,150,82,60,-1,-1
165,2014,1019,63,86,58,-1,-1
165,2015,864,108,83,58,-1,-1
165,2016,1052,51,76,47,-1,-1
165,1809,1121,121,116,91,-1,-1
166,2011,829,150,82,60,-1,-1
166,2014,1017,64,87,59,-1,-1
166,2015,864,108,83,57,-1,-1
166,2016,1052,52,75,47,-1,-1
166,1809,1121,119,115,89,-1,-1
167,2011,829,150,82,60,-1,-1
167,2014,1015,64,87,59,-1,-1
167,2015,864,108,82,57,-1,-1
167,2016,1053,53,74,46,-1,-1
167,1809,1122,116,114,87,-1,-1
168,2011,829,150,82,60,-1,-1
168,2014,1013,65,88,59,-1,-1
168,2015,864,108,82,57,-1,-1
168,2016,1054,55,72,45,-1,-1
168,1809,1123,114,113,87,-1,-1
169,2011,829,150,82,60,-1,-1
169,2014,1012,66,89,59,-1,-1
169,2015,864,108,82,57,-1,-1
169,2016,1054,56,71,45,-1,-1
169,1809,1123,113,112,88,-1,-1
170,2011,829,150,82,60,-1,-1
170,2014,1010,66,89,60,-1,-1
170,2015,864,108,82,56,-1,-1
170,2016,1055,57,70,45,-1,-1
170,1809,1124,111,111,90,-1,-1
171,2011,829,150,82,60,-1,-1
171,2014,1008,67,90,60,-1,-1
171,2015,864,108,82,56,-1,-1
171,2016,1056,58,69,45,-1,-1
171,1809,1125,109,109,91,-1,-1
172,2011,829,150,82,60,-1,-1
172,2014,1007,68,90,60,-1,-1
172,2015,864,108,82,56,-1,-1
172,2016,1057,59,68,45,-1,-1
172,1809,1126,107,108,92,-1,-1
173,2011,829,150,82,60,-1,-1
173,2014,1005,69,91,60,-1,-1
173,2015,864,108,82,55,-1,-1
173,2016,1058,60,66,45,-1,-1
173,1809,1127,106,107,90,-1,-1
174,2011,829,150,82,60,-1,-1
174,2014,1003,69,91,61,-1,-1
174,2015,864,108,82,55,-1,-1
174,2016,1058,61,65,45,-1,-1
174,1809,1128,104,105,88,-1,-1
175,2011,829,150,82,60,-1,-1
175,2014,1002,70,91,61,-1,-1
175,2015,864,108,82,55,-1,-1
175,2016,1059,61,64,46,-1,-1
175,1809,1129,103,104,85,-1,-1
176,2011,829,150,82,60,-1,-1
176,2014,1001,71,91,61,-1,-1
176,2015,864,108,82,55,-1,-1
176,2016,1059,62,64,46,-1,-1
176,1809,1130,102,103,82,-1,-1
177,2011,829,150,82,60,-1,-1
177,2014,999,72,91,61,-1,-1
177,2015,864,108,82,54,-1,-1
177,2016,1059,63,63,46,-1,-1
177,1809,1131,100,102,80,-1,-1
178,2011,829,150,82,60,-1,-1
178,2014,998,73,91,62,-1,-1
178,2015,865,108,81,54,-1,-1
178,2016,1059,64,63,47,-1,-1
178,1809,1132,99,101,79,-1,-1
179,2011,829,150,82,60,-1,-1
179,2014,997,74,91,62,-1,-1
179,2015,865,108,81,54,-1,-1
179,2016,1059,65,62,47,-1,-1
179,1809,1133,98,101,77,-1,-1
180,2011,829,150,82,60,-1,-1
180,2014,996,75,91,62,-1,-1
180,2015,865,108,81,54,-1,-1
180,2016,1059,65,62,47,-1,-1
180,1809,1134,96,100,76,-1,-1
181,2011,829,150,82,60,-1,-1
181,2014,995,76,91,62,-1,-1
181,2015,865,109,81,53,-1,-1
181,2016,1058,66,62,47,-1,-1
181,1809,1135,95,100,74,-1,-1
182,2011,829,150,82,60,-1,-1
182,2014,994,77,91,62,-1,-1
182,2015,865,109,81,53,-1,-1
182,2016,1057,67,63,47,-1,-1
182,1809,1135,94,100,72,-1,-1
183,2011,829,150,82,60,-1,-1
183,2014,993,78,90,63,-1,-1
183,2015,865,109,81,53,-1,-1
183,2016,1057,67,63,47,-1,-1
183,1809,1136,92,100,71,-1,-1
184,2011,829,150,82,60,-1,-1
184,2014,992,79,90,63,-1,-1
184,2015,865,109,81,53,-1,-1
184,2016,1056,68,64,47,-1,-1
184,1809,1137,91,100,70,-1,-1
185,2011,829,150,82,60,-1,-1
185,2014,991,80,90,63,-1,-1
185,2015,865,109,81,53,-1,-1
185,2016,1055,69,64,46,-1,-1
185,1809,1137,89,100,70,-1,-1
186,2011,829,150,82,60,-1,-1
186,2014,990,81,90,63,-1,-1
186,2015,865,109,81,53,-1,-1
186,2016,1054,69,65,46,-1,-1
186,1809,1138,88,100,69,-1,-1
187,2011,829,150,82,60,-1,-1
187,2014,989,82,89,63,-1,-1
187,2015,865,109,81,53,-1,-1
187,2016,1053,70,66,46,-1,-1
187,1809,1139,86,101,69,-1,-1
188,2011,829,150,82,60,-1,-1
188,2014,989,83,89,63,-1,-1
188,2015,865,109,81,53,-1,-1
188,2016,1052,70,66,46,-1,-1
188,1809,1139,85,101,69,-1,-1
189,2011,829,150,82,60,-1,-1
189,2014,988,84,89,64,-1,-1
189,2015,865,109,80,52,-1,-1
189,2016,1050,71,67,47,-1,-1
189,1809,1140,83,102,68,-1,-1
190,2011,829,150,82,60,-1,-1
190,2014,987,86,89,64,-1,-1
190,2015,865,109,80,52,-1,-1
190,2016,1049,71,68,47,-1,-1
190,1809,1140,82,102,68,-1,-1
191,2011,829,150,82,60,-1,-1
191,2014,987,87,88,64,-1,-1
191,2015,866,109,80,52,-1,-1
191,2016,1048,72,69,48,-1,-1
191,1809,1140,80,103,68,-1,-1
192,2011,829,150,82,60,-1,-1
192,2014,986,88,88,64,-1,-1
192,2015,866,109,80,52,-1,-1
192,2016,1047,72,70,48,-1,-1
192,1809,1141,78,103,67,-1,-1
192,1990,1081,859,315,241,-1,-1
193,2011,829,150,82,60,-1,-1
193,2014,985,89,88,64,-1,-1
193,2015,866,109,80,52,-1,-1
193,2016,1046,73,71,49,-1,-1
193,1809,1141,77,103,67,-1,-1
193,1990,1083,843,310,240,-1,-1
194,2011,829,150,82,60,-1,-1
194,2014,985,91,88,65,-1,-1
194,2015,866,109,80,52,-1,-1
194,2016,1045,73,72,50,-1,-1
194,1809,1142,75,104,67,-1,-1
194,1990,1084,827,305,238,-1,-1
195,2011,829,150,82,60,-1,-1
195,2014,984,92,88,65,-1,-1
195,2015,866,109,80,52,-1,-1
195,2016,1044,74,73,51,-1,-1
195,1809,1142,73,104,66,-1,-1
195,1990,1086,812,300,236,-1,-1
196,2011,829,150,82,60,-1,-1
196,2014,984,93,88,65,-1,-1
196,2015,866,109,80,52,-1,-1
196,2016,1042,74,74,52,-1,-1
196,1809,1143,72,104,66,-1,-1
196,1990,1088,796,295,233,-1,-1
197,2011,829,150,82,60,-1,-1
197,2014,983,94,88,65,-1,-1
197,2015,866,109,80,52,-1,-1
197,2016,1041,75,75,53,-1,-1
197,1809,1143,70,104,65,-1,-1
197,1990,1090,781,290,230,-1,-1
198,2011,829,150,82,60,-1,-1
198,2014,982,96,88,66,-1,-1
198,2015,866,109,80,52,-1,-1
198,2016,1040,75,76,54,-1,-1
198,1809,1144,68,104,65,-1,-1
198,1990,1093,766,284,228,-1,-1
199,2011,829,150,82,60,-1,-1
199,2014,982,97,88,66,-1,-1
199,2015,866,109,80,52,-1,-1
199,2016,1039,75,77,55,-1,-1
199,1809,1145,67,104,65,-1,-1
199,1990,1095,751,279,224,-1,-1
200,2011,829,150,82,60,-1,-1
200,2014,981,98,89,66,-1,-1
200,2015,866,109,79,52,-1,-1
200,2016,1037,76,78,56,-1,-1
200,1809,1145,65,104,65,-1,-1
200,1990,1097,737,274,221,-1,-1
201,2011,829,150,82,60,-1,-1
201,2014,981,99,89,67,-1,-1
201,2015,866,109,79,52,-1,-1
201,2016,1036,76,79,57,-1,-1
201,1809,1146,64,104,64,-1,-1
201,1990,1099,723,268,218,-1,-1
202,2011,829,150,82,60,-1,-1
202,2014,980,101,89,67,-1,-1
202,2015,866,109,79,52,-1,-1
202,2016,1035,76,79,57,-1,-1
202,1809,1147,62,104,64,-1,-1
202,1990,1101,709,263,214,-1,-1
203,2011,829,150,82,60,-1,-1
203,2014,980,102,89,67,-1,-1
203,2015,866,109,79,52,-1,-1
203,2016,1033,77,80,58,-1,-1
203,1809,1147,61,103,64,-1,-1
203,1990,1103,695,258,210,-1,-1
204,2011,829,150,82,60,-1,-1
204,2014,979,103,90,68,-1,-1
204,2015,867,109,79,52,-1,-1
204,2016,1032,77,81,59,-1,-1
204,1809,1148,60,103,64,-1,-1
204,1990,1105,682,252,207,-1,-1
205,2011,829,150,82,60,-1,-1
205,2014,979,105,90,68,-1,-1
205,2015,867,109,79,53,-1,-1
205,2016,1030,77,81,59,-1,-1
205,1809,1148,58,103,64,-1,-1
205,1990,1107,669,247,203,-1,-1
206,2011,829,150,82,60,-1,-1
206,2014,978,106,90,69,-1,-1
206,2015,867,110,79,53,-1,-1
206,2016,1029,78,82,60,-1,-1
206,1809,1149,57,102,64,-1,-1
206,1990,1109,656,242,199,-1,-1
207,2011,829,150,82,60,-1,-1
207,2014,978,107,91,69,-1,-1
207,2015,867,110,79,54,-1,-1
207,2016,1027,78,83,60,-1,-1
207,1809,1149,56,102,64,-1,-1
207,1990,1111,643,238,196,-1,-1
208,2011,829,150,82,60,-1,-1
208,2014,977,109,91,70,-1,-1
208,2015,867,110,79,54,-1,-1
208,2016,1026,79,83,61,-1,-1
208,1809,1149,54,101,65,-1,-1
208,1990,1112,631,233,192,-1,-1
209,2011,829,150,82,60,-1,-1
209,2014,977,110,92,70,-1,-1
209,2015,867,110,79,54,-1,-1
209,2016,1024,79,84,61,-1,-1
209,1809,1150,53,101,65,-1,-1
209,1990,1113,619,229,189,-1,-1
210,2011,829,150,82,60,-1,-1
210,2014,976,111,92,71,-1,-1
210,2015,867,110,79,55,-1,-1
210,2016,1023,80,84,61,-1,-1
210,1809,1150,52,100,65,-1,-1
210,1990,1115,607,224,186,-1,-1
211,2011,829,150,82,60,-1,-1
211,2014,976,113,92,72,-1,-1
211,2015,867,110,78,55,-1,-1
211,2016,1021,80,85,61,-1,-1
211,1809,1151,51,99,65,-1,-1
211,1990,1116,595,220,182,-1,-1
212,2011,829,150,82,60,-1,-1
212,2014,975,114,93,72,-1,-1
212,2015,867,110,78,56,-1,-1
212,2016,1020,81,85,61,-1,-1
212,1809,1152,50,97,65,-1,-1
212,1990,1117,584,216,179,-1,-1
213,2011,829,150,82,60,-1,-1
213,2014,975,115,93,73,-1,-1
213,2015,867,110,78,56,-1,-1
213,2016,1018,82,86,61,-1,-1
213,1809,1153,49,96,64,-1,-1
213,1990,1118,573,212,176,-1,-1
214,2011,829,150,82,60,-1,-1
214,2014,974,117,93,74,-1,-1
214,2015,867,110,78,57,-1,-1
214,2016,1017,83,86,61,-1,-1
214,1809,1154,48,95,64,-1,-1
214,1990,1119,562,208,174,-1,-1
215,2011,829,150,82,60,-1,-1
215,2014,974,118,94,74,-1,-1
215,2015,867,110,78,57,-1,-1
215,2016,1015,84,87,60,-1,-1
215,1809,1155,47,94,64,-1,-1
215,1990,1120,551,205,171,-1,-1
216,2011,829,150,82,60,-1,-1
216,2014,973,120,94,75,-1,-1
216,2015,867,110,78,57,-1,-1
216,2016,1014,85,87,60,-1,-1
216,1809,1156,46,93,64,-1,-1
216,1990,1120,541,201,168,-1,-1
217,2011,829,150,82,60,-1,-1
217,2014,972,121,95,76,-1,-1
217,2015,868,110,78,58,-1,-1
217,2016,1013,86,88,60,-1,-1
217,1809,1157,45,91,64,-1,-1
217,1990,1121,531,197,166,-1,-1
218,2011,829,150,82,60,-1,-1
218,2014,972,122,95,77,-1,-1
218,2015,868,110,78,58,-1,-1
218,2016,1011,87,88,60,-1,-1
218,1809,1157,44,90,64,-1,-1
218,1990,1122,521,194,164,-1,-1
219,2011,829,150,82,60,-1,-1
219,2014,971,124,96,77,-1,-1
219,2015,868,110,78,58,-1,-1
219,2016,1010,88,89,61,-1,-1
219,1809,1158,43,89,64,-1,-1
219,1990,1122,511,191,161,-1,-1
220,2011,829,150,82,60,-1,-1
220,2014,970,125,96,78,-1,-1
220,2015,868,110,78,58,-1,-1
220,2016,1009,89,89,61,-1,-1
220,1809,1158,42,88,64,-1,-1
220,1990,1123,501,187,159,-1,-1
221,2011,829,150,82,60,-1,-1
221,2014,970,127,97,79,-1,-1
221,2015,868,110,78,58,-1,-1
221,2016,1009,90,89,61,-1,-1
221,1809,1159,42,87,65,-1,-1
221,1990,1123,492,184,157,-1,-1
222,2011,829,150,82,60,-1,-1
222,2014,969,128,97,80,-1,-1
222,2015,868,110,78,58,-1,-1
222,2016,1008,92,89,62,-1,-1
222,1809,1159,41,85,65,-1,-1
222,1990,1124,483,181,155,-1,-1
223,2011,829,150,82,60,-1,-1
223,2014,968,130,98,81,-1,-1
223,2015,868,110,77,58,-1,-1
223,2016,1007,93,89,62,-1,-1
223,1809,1160,40,84,64,-1,-1
223,1990,1125,473,178,153,-1,-1
224,2011,829,150,82,60,-1,-1
224,2014,967,131,98,82,-1,-1
224,2015,868,110,77,58,-1,-1
224,2016,1007,94,89,63,-1,-1
224,1809,1160,39,82,63,-1,-1
224,1990,1125,464,175,151,-1,-1
225,2011,829,150,82,60,-1,-1
225,2014,966,133,99,83,-1,-1
225,2015,868,110,77,58,-1,-1
225,2016,1006,96,89,64,-1,-1
225,1809,1161,39,80,61,-1,-1
225,1990,1126,456,172,149,-1,-1
226,2011,829,150,82,60,-1,-1
226,2014,964,135,100,84,-1,-1
226,2015,868,110,77,58,-1,-1
226,2016,1006,97,89,64,-1,-1
226,1990,1126,447,170,146,-1,-1
227,2011,829,150,82,60,-1,-1
227,2014,963,136,100,85,-1,-1
227,2015,868,110,77,58,-1,-1
227,2016,1006,99,89,65,-1,-1
227,1990,1127,439,167,144,-1,-1
227,1814,1068,793,334,297,-1,-1
228,2011,829,150,82,60,-1,-1
228,2014,962,138,101,86,-1,-1
228,2015,868,110,77,58,-1,-1
228,2016,1006,100,89,65,-1,-1
228,1990,1127,430,164,142,-1,-1
228,1814,1068,778,327,291,-1,-1
229,2011,829,150,82,60,-1,-1
229,2014,960,140,102,86,-1,-1
229,2015,868,110,77,58,-1,-1
229,2016,1006,101,89,66,-1,-1
229,1990,1128,422,162,140,-1,-1
229,1814,1069,762,320,285,-1,-1
230,2011,829,150,82,60,-1,-1
230,2014,959,142,103,87,-1,-1
230,2015,869,110,77,58,-1,-1
230,2016,1006,103,88,66,-1,-1
230,1990,1128,414,159,138,-1,-1
230,1814,1070,747,313,279,-1,-1
231,2011,829,150,82,60,-1,-1
231,2014,957,143,103,88,-1,-1
231,2015,869,110,77,58,-1,-1
231,2016,1006,104,88,66,-1,-1
231,1990,1129,406,156,136,-1,-1
231,1814,1070,732,306,274,-1,-1
232,2011,829,150,82,60,-1,-1
232,2014,956,145,104,89,-1,-1
232,2015,869,111,77,58,-1,-1
232,2016,1006,105,88,66,-1,-1
232,1990,1130,398,154,134,-1,-1
232,1814,1071,718,299,268,-1,-1
233,2011,829,150,82,60,-1,-1
233,2014,954,147,105,90,-1,-1
233,2015,869,111,77,58,-1,-1
233,2016,1006,107,88,66,-1,-1
233,1990,1130,390,152,132,-1,-1
233,1814,1071,703,292,263,-1,-1
234,2011,829,150,82,60,-1,-1
234,2014,952,149,106,91,-1,-1
234,2015,869,111,76,58,-1,-1
234,2016,1006,108,88,66,-1,-1
234,1990,1131,383,149,131,-1,-1
234,1814,1072,689,285,258,-1,-1
235,2011,829,150,82,60,-1,-1
235,2014,950,151,107,92,-1,-1
235,2015,869,111,76,58,-1,-1
235,2016,1005,109,89,67,-1,-1
235,1990,1132,375,147,129,-1,-1
235,1814,1072,675,279,253,-1,-1
236,2011,829,150,82,60,-1,-1
236,2014,948,153,108,93,-1,-1
236,2015,869,111,76,58,-1,-1
236,2016,1004,111,89,66,-1,-1
236,1990,1132,368,144,127,-1,-1
236,1814,1073,661,272,248,-1,-1
237,2011,829,150,82,60,-1,-1
237,2014,947,155,108,94,-1,-1
237,2015,869,111,76,58,-1,-1
237,2016,1004,112,90,66,-1,-1
237,1990,1133,361,142,125,-1,-1
237,1814,1073,647,266,243,-1,-1
238,2011,829,150,82,60,-1,-1
238,2014,945,157,109,95,-1,-1
238,2015,869,111,76,57,-1,-1
238,2016,1002,113,91,67,-1,-1
238,1990,1134,354,140,124,-1,-1
238,1814,1074,634,260,238,-1,-1
239,2011,829,150,82,60,-1,-1
239,2014,943,159,110,96,-1,-1
239,2015,869,111,76,57,-1,-1
239,2016,1001,114,92,67,-1,-1
239,1990,1135,347,138,122,-1,-1
239,1814,1074,621,255,234,-1,-1
240,2011,829,150,82,60,-1,-1
240,2014,941,161,111,97,-1,-1
240,2015,869,111,76,57,-1,-1
240,2016,1000,115,93,67,-1,-1
240,1990,1135,340,136,121,-1,-1
240,1814,1075,608,249,229,-1,-1
241,2011,829,150,82,60,-1,-1
241,2014,939,163,112,98,-1,-1
241,2015,869,111,76,57,-1,-1
241,2016,998,117,94,67,-1,-1
241,1990,1136,333,134,119,-1,-1
241,1814,1076,595,244,225,-1,-1
242,2011,829,150,82,60,-1,-1
242,2014,937,165,113,99,-1,-1
242,2015,869,111,76,57,-1,-1
242,2016,997,118,95,68,-1,-1
242,1990,1137,327,132,118,-1,-1
242,1814,1077,582,239,221,-1,-1
243,2011,829,150,82,60,-1,-1
243,2014,935,167,113,100,-1,-1
243,2015,870,111,76,56,-1,-1
243,2016,995,119,96,68,-1,-1
243,1990,1137,320,130,117,-1,-1
243,1814,1078,570,234,217,-1,-1
244,2011,829,150,82,60,-1,-1
244,2014,933,170,114,101,-1,-1
244,2015,870,111,76,56,-1,-1
244,2016,993,120,97,69,-1,-1
244,1990,1138,314,128,116,-1,-1
244,1814,1079,558,230,213,-1,-1
245,2011,829,150,82,60,-1,-1
245,2014,931,172,115,103,-1,-1
245,2015,870,111,75,56,-1,-1
245,2016,992,121,97,69,-1,-1
245,1990,1138,308,127,115,-1,-1
245,1814,1081,546,226,209,-1,-1
246,2011,829,150,82,60,-1,-1
246,2014,929,174,116,104,-1,-1
246,2015,870,111,75,56,-1,-1
246,2016,990,122,98,70,-1,-1
246,1990,1139,302,125,114,-1,-1
246,1814,1082,535,221,205,-1,-1
247,2011,829,150,82,60,-1,-1
247,2014,927,177,117,105,-1,-1
247,2015,870,111,75,55,-1,-1
247,2016,988,123,99,71,-1,-1
247,1990,1139,296,124,113,-1,-1
247,1814,1084,524,217,202,-1,-1
248,2011,829,150,82,60,-1,-1
248,2014,925,179,118,106,-1,-1
248,2015,870,111,75,55,-1,-1
248,2016,987,124,100,72,-1,-1
248,1990,1139,290,123,112,-1,-1
248,1814,1086,512,213,198,-1,-1
249,2011,829,150,82,60,-1,-1
249,2014,923,182,118,107,-1,-1
249,2015,870,111,75,54,-1,-1
249,2016,985,126,100,73,-1,-1
249,1990,1139,285,122,111,-1,-1
249,1814,1088,502,209,195,-1,-1
250,2011,829,150,82,60,-1,-1
250,2014,921,184,119,108,-1,-1
250,2015,870,111,75,54,-1,-1
250,2016,984,127,101,74,-1,-1
250,1990,1139,280,121,111,-1,-1
250,1814,1090,491,205,192,-1,-1
251,2011,829,150,82,60,-1,-1
251,2014,919,187,120,109,-1,-1
251,2015,870,111,75,53,-1,-1
251,2016,982,128,101,75,-1,-1
251,1990,1139,274,121,110,-1,-1
251,1814,1092,481,201,189,-1,-1
252,2011,829,150,82,60,-1,-1
252,2014,917,189,121,110,-1,-1
252,2015,870,111,75,53,-1,-1
252,2016,981,129,101,76,-1,-1
252,1990,1139,269,120,110,-1,-1
252,1814,1094,470,197,186,-1,-1
253,2011,829,150,82,60,-1,-1
253,2014,915,192,122,111,-1,-1
253,2015,870,111,75,52,-1,-1
253,2016,980,131,102,77,-1,-1
253,1990,1138,264,120,109,-1,-1
253,1814,1095,460,194,183,-1,-1
254,2011,829,150,82,60,-1,-1
254,2014,913,194,123,112,-1,-1
254,2015,870,111,75,52,-1,-1
254,2016,978,132,102,79,-1,-1
254,1990,1138,259,120,109,-1,-1
254,1814,1097,451,190,180,-1,-1
255,2011,829,150,82,60,-1,-1
255,2014,911,197,124,114,-1,-1
255,2015,870,111,75,51,-1,-1
255,2016,977,134,102,80,-1,-1
255,1990,1137,255,120,109,-1,-1
255,1814,1099,441,187,178,-1,-1
256,2011,829,150,82,60,-1,-1
256,2014,909,200,125,115,-1,-1
256,2015,871,111,74,51,-1,-1
256,2016,976,135,103,81,-1,-1
256,1990,1137,250,120,108,-1,-1
256,1814,1100,432,183,175,-1,-1
257,2011,829,150,82,60,-1,-1
257,2014,907,203,126,116,-1,-1
257,2015,871,112,74,50,-1,-1
257,2016,974,137,103,82,-1,-1
257,1990,1136,246,120,108,-1,-1
257,1814,1102,423,180,173,-1,-1
258,2011,829,150,82,60,-1,-1
258,2014,905,206,127,117,-1,-1
258,2015,871,112,74,49,-1,-1
258,2016,973,138,104,84,-1,-1
258,1990,1136,241,120,107,-1,-1
258,1814,1103,414,177,170,-1,-1
259,2011,829,150,82,60,-1,-1
259,2014,903,208,128,119,-1,-1
259,2015,871,112,74,49,-1,-1
259,2016,971,140,105,85,-1,-1
259,1990,1135,237,119,107,-1,-1
259,1814,1104,405,174,168,-1,-1
260,2011,829,150,82,60,-1,-1
260,2014,901,211,129,120,-1,-1
260,2015,871,112,74,48,-1,-1
260,2016,970,141,105,86,-1,-1
260,1990,1135,233,119,106,-1,-1
260,1814,1106,397,171,166,-1,-1
261,2011,829,150,82,60,-1,-1
261,2014,899,214,131,121,-1,-1
261,2015,871,112,74,48,-1,-1
261,2016,968,143,106,88,-1,-1
261,1990,1135,229,119,105,-1,-1
261,1814,1107,389,169,163,-1,-1
262,2011,829,150,82,60,-1,-1
262,2014,897,217,132,122,-1,-1
262,2015,871,112,74,48,-1,-1
262,2016,967,145,107,89,-1,-1
262,1990,1135,225,118,104,-1,-1
262,1814,1108,381,166,161,-1,-1
263,2011,829,150,82,60,-1,-1
263,2014,895,221,133,124,-1,-1
263,2015,871,112,74,47,-1,-1
263,2016,965,147,108,90,-1,-1
263,1990,1135,221,118,104,-1,-1
263,1814,1108,373,164,159,-1,-1
264,2011,829,150,82,60,-1,-1
264,2014,893,224,134,125,-1,-1
264,2015,871,112,74,47,-1,-1
264,2016,964,149,109,91,-1,-1
264,1990,1135,218,117,103,-1,-1
264,1814,1109,365,162,157,-1,-1
265,2011,829,150,82,60,-1,-1
265,2014,891,227,135,127,-1,-1
265,2016,962,151,110,92,-1,-1
265,1990,1136,214,116,102,-1,-1
265,1814,1110,358,160,155,-1,-1
266,2011,829,150,82,60,-1,-1
266,2014,889,230,137,128,-1,-1
266,2016,961,153,111,93,-1,-1
266,1990,1136,211,115,101,-1,-1
266,1814,1110,350,158,153,-1,-1
267,2011,829,150,82,60,-1,-1
267,2014,887,234,138,129,-1,-1
267,2016,959,155,112,94,-1,-1
267,1990,1137,207,114,99,-1,-1
267,1814,1111,343,156,151,-1,-1
268,2011,829,150,82,60,-1,-1
268,2014,885,237,139,131,-1,-1
268,2016,958,157,113,95,-1,-1
268,1990,1138,204,113,98,-1,-1
268,1814,1111,336,154,149,-1,-1
269,2011,829,150,82,60,-1,-1
269,2014,882,241,141,132,-1,-1
269,2016,956,159,114,96,-1,-1
269,1990,1138,201,112,97,-1,-1
269,1814,1112,330,153,148,-1,-1
270,2011,829,150,82,60,-1,-1
270,2014,880,245,142,134,-1,-1
270,2016,954,161,115,97,-1,-1
270,1990,1139,198,111,96,-1,-1
270,1814,1112,323,151,146,-1,-1
271,2011,829,150,82,60,-1,-1
271,2014,878,248,143,135,-1,-1
271,2016,953,163,116,97,-1,-1
271,1990,1140,195,110,95,-1,-1
271,1814,1112,317,150,144,-1,-1
272,2011,829,150,82,60,-1,-1
272,2014,876,252,145,137,-1,-1
272,2016,951,166,117,98,-1,-1
272,1990,1141,192,108,93,-1,-1
272,1814,1112,310,148,143,-1,-1
273,2011,829,150,82,60,-1,-1
273,2014,873,256,146,138,-1,-1
273,2016,950,168,118,99,-1,-1
273,1990,1142,189,107,92,-1,-1
273,1814,1112,304,147,141,-1,-1
274,2011,829,150,82,60,-1,-1
274,2014,871,260,147,139,-1,-1
274,2016,948,170,119,100,-1,-1
274,1990,1143,186,106,91,-1,-1
274,1814,1112,298,146,139,-1,-1
275,2011,829,150,82,60,-1,-1
275,2014,868,264,149,141,-1,-1
275,2016,947,172,120,101,-1,-1
275,1990,1144,183,104,90,-1,-1
275,1814,1112,292,144,138,-1,-1
276,2011,829,150,82,60,-1,-1
276,2014,866,268,150,142,-1,-1
276,2016,945,175,120,102,-1,-1
276,1990,1145,180,103,89,-1,-1
276,1814,1112,287,143,136,-1,-1
277,2011,829,150,82,60,-1,-1
277,2014,863,273,152,144,-1,-1
277,2016,943,177,121,103,-1,-1
277,1990,1146,177,102,87,-1,-1
277,1814,1112,281,142,135,-1,-1
278,2011,829,150,82,60,-1,-1
278,2014,861,277,153,145,-1,-1
278,2016,942,179,122,104,-1,-1
278,1990,1147,175,101,86,-1,-1
278,1814,1112,276,141,134,-1,-1
279,2011,829,150,82,60,-1,-1
279,2014,858,282,154,147,-1,-1
279,2016,940,182,123,105,-1,-1
279,1990,1148,172,100,85,-1,-1
279,1814,1112,270,140,132,-1,-1
280,2011,829,150,82,60,-1,-1
280,2014,855,286,156,148,-1,-1
280,2016,938,184,124,105,-1,-1
280,1990,1149,169,99,84,-1,-1
280,1814,1113,265,139,131,-1,-1
281,2011,829,150,82,60,-1,-1
281,2014,852,291,157,150,-1,-1
281,2016,936,186,125,106,-1,-1
281,1990,1149,167,98,83,-1,-1
281,1814,1113,260,138,130,-1,-1
282,2011,829,150,82,60,-1,-1
282,2014,850,296,159,151,-1,-1
282,2016,935,189,126,107,-1,-1
282,1990,1150,164,97,82,-1,-1
282,1814,1113,255,137,128,-1,-1
283,2011,829,150,82,60,-1,-1
283,2014,847,301,160,153,-1,-1
283,2016,933,191,127,108,-1,-1
283,1990,1151,162,96,82,-1,-1
283,1814,1113,250,137,127,-1,-1
284,2011,829,150,82,60,-1,-1
284,2014,844,306,162,154,-1,-1
284,2016,931,194,128,109,-1,-1
284,1990,1151,159,95,81,-1,-1
284,1814,1114,245,136,126,-1,-1
285,2011,829,150,82,60,-1,-1
285,2014,841,311,163,156,-1,-1
285,2016,929,196,129,110,-1,-1
285,1990,1152,157,94,80,-1,-1
285,1814,1114,240,135,125,-1,-1
286,2011,829,150,82,60,-1,-1
286,2014,837,316,165,157,-1,-1
286,2016,927,199,130,111,-1,-1
286,1990,1152,154,93,79,-1,-1
286,1814,1115,236,135,124,-1,-1
287,2011,829,150,82,60,-1,-1
287,2014,834,322,167,159,-1,-1
287,2016,925,201,130,112,-1,-1
287,1990,1152,152,92,78,-1,-1
287,1814,1116,231,134,123,-1,-1
288,2011,829,150,82,60,-1,-1
288,2014,831,327,168,160,-1,-1
288,2016,923,204,131,114,-1,-1
288,1990,1153,150,92,78,-1,-1
288,1814,1117,227,134,122,-1,-1
289,2011,829,150,82,60,-1,-1
289,2014,827,333,170,162,-1,-1
289,2016,922,206,132,115,-1,-1
289,1990,1153,147,91,77,-1,-1
289,1814,1118,223,133,121,-1,-1
290,2011,829,150,82,60,-1,-1
290,2014,824,338,172,164,-1,-1
290,2016,920,209,132,117,-1,-1
290,1990,1153,145,90,76,-1,-1
290,1814,1119,218,132,120,-1,-1
291,2011,829,150,82,60,-1,-1
291,2014,820,344,173,165,-1,-1
291,2016,918,212,133,118,-1,-1
291,1990,1154,143,90,76,-1,-1
291,1814,1120,214,131,119,-1,-1
292,2011,829,150,82,60,-1,-1
292,2014,817,350,175,167,-1,-1
292,2016,916,215,134,120,-1,-1
292,1990,1154,141,89,75,-1,-1
292,1814,1121,210,130,118,-1,-1
293,2011,829,150,82,60,-1,-1
293,2014,813,356,177,169,-1,-1
293,2016,915,218,134,122,-1,-1
293,1990,1154,139,89,74,-1,-1
293,1814,1122,206,129,117,-1,-1
294,2011,829,150,82,60,-1,-1
294,2014,809,362,179,170,-1,-1
294,2016,913,221,134,124,-1,-1
294,1990,1154,137,88,74,-1,-1
294,1814,1123,202,128,116,-1,-1
295,2011,829,150,82,60,-1,-1
295,2014,805,368,181,172,-1,-1
295,2016,912,224,135,126,-1,-1
295,1990,1154,135,87,73,-1,-1
295,1814,1124,198,127,115,-1,-1
296,2011,829,150,82,60,-1,-1
296,2014,801,374,183,174,-1,-1
296,2016,911,227,135,127,-1,-1
296,1990,1154,133,87,72,-1,-1
296,1814,1125,195,126,114,-1,-1
297,2011,829,150,82,60,-1,-1
297,2014,797,381,186,176,-1,-1
297,2016,909,230,135,129,-1,-1
297,1990,1154,131,86,71,-1,-1
297,1814,1126,191,124,113,-1,-1
298,2011,829,150,82,60,-1,-1
298,2014,793,387,188,177,-1,-1
298,2016,908,233,135,130,-1,-1
298,1990,1154,129,86,70,-1,-1
298,1814,1126,187,123,112,-1,-1
299,2011,829,150,82,60,-1,-1
299,2014,788,394,190,179,-1,-1
299,2016,907,237,135,132,-1,-1
299,1990,1154,127,85,69,-1,-1
299,1814,1127,184,122,111,-1,-1
300,2011,829,150,82,60,-1,-1
300,2014,784,400,193,181,-1,-1
300,2016,905,240,136,133,-1,-1
300,1990,1154,125,85,68,-1,-1
300,1814,1127,181,121,110,-1,-1
301,2011,829,150,82,60,-1,-1
301,2014,779,407,195,183,-1,-1
301,2016,904,244,136,134,-1,-1
301,1990,1154,123,84,67,-1,-1
301,1814,1127,177,119,109,-1,-1
302,2011,829,150,82,60,-1,-1
302,2014,774,414,198,185,-1,-1
302,2016,903,248,136,135,-1,-1
302,1990,1154,122,84,66,-1,-1
302,1814,1127,174,118,108,-1,-1
303,2011,829,150,82,60,-1,-1
303,2014,770,421,201,187,-1,-1
303,2016,902,251,137,136,-1,-1
303,1990,1154,120,83,64,-1,-1
303,1814,1127,171,117,107,-1,-1
304,2011,829,150,82,60,-1,-1
304,2014,765,428,203,190,-1,-1
304,2016,900,255,137,136,-1,-1
304,1990,1154,119,83,63,-1,-1
304,1814,1127,168,116,107,-1,-1
305,2011,829,150,82,60,-1,-1
305,2014,760,435,206,192,-1,-1
305,2016,898,259,138,137,-1,-1
305,1990,1154,117,82,61,-1,-1
305,1814,1126,165,115,106,-1,-1
306,2011,829,150,82,60,-1,-1
306,2014,754,442,209,194,-1,-1
306,2016,897,263,139,138,-1,-1
306,1990,1154,116,81,60,-1,-1
306,1814,1126,162,114,105,-1,-1
307,2011,829,150,82,60,-1,-1
307,2014,749,449,212,196,-1,-1
307,2016,895,267,140,138,-1,-1
307,1990,1154,114,80,58,-1,-1
307,1814,1126,159,113,104,-1,-1
308,2011,829,150,82,60,-1,-1
308,2014,743,457,215,199,-1,-1
308,2016,893,271,141,139,-1,-1
308,1990,1155,113,79,56,-1,-1
308,1814,1126,156,112,103,-1,-1
309,2011,829,150,82,60,-1,-1
309,2014,738,464,219,201,-1,-1
309,2016,890,276,143,140,-1,-1
309,1990,1155,111,79,55,-1,-1
309,1814,1126,154,112,102,-1,-1
310,2011,829,150,82,60,-1,-1
310,2014,732,472,222,204,-1,-1
310,2016,887,280,144,141,-1,-1
310,1990,1156,110,78,53,-1,-1
310,1814,1126,151,111,101,-1,-1
311,2011,829,150,82,60,-1,-1
311,2014,726,479,225,206,-1,-1
311,2016,885,285,146,142,-1,-1
311,1990,1156,109,77,51,-1,-1
311,1814,1126,148,110,100,-1,-1
312,2011,829,150,82,60,-1,-1
312,2014,720,487,228,209,-1,-1
312,2016,881,289,148,143,-1,-1
312,1990,1156,107,76,49,-1,-1
312,1814,1126,146,109,99,-1,-1
313,2011,829,150,82,60,-1,-1
313,2014,713,495,232,212,-1,-1
313,2016,878,294,150,144,-1,-1
313,1990,1157,106,75,47,-1,-1
313,1814,1127,144,108,99,-1,-1
314,2011,829,150,82,60,-1,-1
314,2014,707,503,235,215,-1,-1
314,2016,874,299,153,146,-1,-1
314,1990,1157,105,74,46,-1,-1
314,1814,1127,141,107,98,-1,-1
315,2011,829,150,82,60,-1,-1
315,2014,700,512,238,218,-1,-1
315,2016,870,304,155,147,-1,-1
315,1990,1158,103,73,44,-1,-1
315,1814,1127,139,107,97,-1,-1
316,2011,829,150,82,60,-1,-1
316,2014,693,520,242,220,-1,-1
316,2016,866,309,157,148,-1,-1
316,1990,1158,102,72,42,-1,-1
316,1814,1128,137,106,96,-1,-1
317,2011,829,150,82,60,-1,-1
317,2014,686,528,245,224,-1,-1
317,2016,862,314,160,150,-1,-1
317,1990,1158,101,72,41,-1,-1
317,1814,1128,134,105,95,-1,-1
318,2011,829,150,82,60,-1,-1
318,2014,679,537,249,227,-1,-1
318,2016,857,319,162,151,-1,-1
318,1990,1158,100,71,40,-1,-1
318,1814,1128,132,104,94,-1,-1
319,2011,829,150,82,60,-1,-1
319,2014,672,545,252,230,-1,-1
319,2016,853,325,165,152,-1,-1
319,1990,1159,98,71,38,-1,-1
319,1814,1129,130,103,93,-1,-1
320,2011,829,150,82,60,-1,-1
320,2014,664,554,256,233,-1,-1
320,2016,848,330,167,154,-1,-1
320,1990,1159,97,70,37,-1,-1
320,1814,1129,128,103,92,-1,-1
321,2011,829,150,82,60,-1,-1
321,2014,656,563,259,236,-1,-1
321,2016,843,336,170,155,-1,-1
321,1990,1159,95,70,36,-1,-1
321,1814,1130,126,102,91,-1,-1
322,2011,829,150,82,60,-1,-1
322,2014,648,572,263,240,-1,-1
322,2016,838,342,172,156,-1,-1
322,1990,1159,94,69,35,-1,-1
322,1814,1130,124,101,90,-1,-1
323,2011,829,150,82,60,-1,-1
323,2014,640,582,266,243,-1,-1
323,2016,833,347,174,158,-1,-1
323,1990,1159,93,69,34,-1,-1
323,1814,1130,122,101,90,-1,-1
324,2011,829,150,82,60,-1,-1
324,2014,632,591,270,246,-1,-1
324,2016,828,353,177,160,-1,-1
324,1990,1159,91,69,34,-1,-1
324,1814,1131,120,100,89,-1,-1
325,2011,829,150,82,60,-1,-1
325,2014,623,600,274,250,-1,-1
325,2016,823,359,179,161,-1,-1
325,1990,1159,90,68,33,-1,-1
325,1814,1131,118,100,88,-1,-1
325,2025,1011,937,392,139,-1,-1
326,2011,829,150,82,60,-1,-1
326,2014,614,610,278,254,-1,-1
326,2016,818,365,181,163,-1,-1
326,1990,1158,88,68,33,-1,-1
326,1814,1131,116,100,87,-1,-1
326,2025,1015,918,385,160,-1,-1
327,2011,829,150,82,60,-1,-1
327,2014,605,620,281,257,-1,-1
327,2016,813,371,183,165,-1,-1
327,1990,1158,87,68,32,-1,-1
327,1814,1132,115,99,86,-1,-1
327,2025,1020,899,377,180,-1,-1
328,2011,829,150,82,60,-1,-1
328,2014,595,630,285,261,-1,-1
328,2016,808,378,185,167,-1,-1
328,1990,1158,85,68,32,-1,-1
328,1814,1132,113,99,86,-1,-1
328,2025,1025,880,369,197,-1,-1
329,2011,829,150,82,60,-1,-1
329,2014,585,640,290,264,-1,-1
329,2016,803,384,187,169,-1,-1
329,1990,1158,84,67,32,-1,-1
329,1814,1132,111,98,85,-1,-1
329,2025,1030,862,360,211,-1,-1
330,2011,829,150,82,60,-1,-1
330,2014,575,650,294,268,-1,-1
330,2016,798,390,189,171,-1,-1
330,1990,1158,82,67,32,-1,-1
330,2019,1073,47,65,44,-1,-1
330,1814,1133,109,98,84,-1,-1
330,2025,1036,844,352,222,-1,-1
331,2011,829,150,82,60,-1,-1
331,2014,565,660,298,272,-1,-1
331,2016,793,397,191,173,-1,-1
331,1990,1158,80,67,32,-1,-1
331,2019,1072,47,65,45,-1,-1
331,1814,1133,107,98,84,-1,-1
331,2025,1042,826,343,229,-1,-1
332,2011,829,150,82,60,-1,-1
332,2014,555,671,302,276,-1,-1
332,2016,788,403,193,175,-1,-1
332,1990,1159,78,66,32,-1,-1
332,2019,1072,47,64,45,-1,-1
332,1814,1133,106,97,83,-1,-1
332,2025,1047,809,334,233,-1,-1
333,2011,829,150,82,60,-1,-1
333,2014,544,681,307,280,-1,-1
333,2016,782,410,196,177,-1,-1
333,1990,1159,77,66,32,-1,-1
333,2019,1071,47,64,45,-1,-1
333,1814,1133,104,96,82,-1,-1
333,2025,1053,792,325,234,-1,-1
334,2011,829,150,82,60,-1,-1
334,2014,533,692,312,283,-1,-1
334,2016,777,416,198,179,-1,-1
334,1990,1159,75,65,33,-1,-1
334,2019,1071,47,64,45,-1,-1
334,1814,1134,102,96,82,-1,-1
334,2025,1058,775,316,233,-1,-1
335,2011,829,150,82,60,-1,-1
335,2014,522,703,316,287,-1,-1
335,2016,771,423,201,181,-1,-1
335,1990,1159,73,64,33,-1,-1
335,2019,1070,48,64,45,-1,-1
335,1814,1134,101,95,81,-1,-1
335,2025,1064,759,308,230,-1,-1
336,2011,829,150,82,60,-1,-1
336,2014,510,714,321,291,-1,-1
336,2016,765,430,204,183,-1,-1
336,2019,1069,48,64,45,-1,-1
336,1814,1134,99,94,81,-1,-1
336,2025,1069,743,300,226,-1,-1
337,2011,829,150,82,60,-1,-1
337,2014,498,725,326,295,-1,-1
337,2016,759,437,207,185,-1,-1
337,2019,1069,48,65,45,-1,-1
337,1814,1134,97,94,80,-1,-1
337,2025,1074,728,292,222,-1,-1
338,2011,829,150,82,60,-1,-1
338,2014,486,736,331,299,-1,-1
338,2016,753,444,211,187,-1,-1
338,2019,1068,49,65,46,-1,-1
338,1814,1135,96,93,80,-1,-1
338,2025,1078,712,284,217,-1,-1
339,2011,829,150,82,60,-1,-1
339,2014,474,748,337,303,-1,-1
339,2016,747,451,214,189,-1,-1
339,2019,1067,49,65,46,-1,-1
339,1814,1135,94,92,79,-1,-1
339,2025,1083,697,277,212,-1,-1
340,2011,829,150,82,60,-1,-1
340,2014,462,759,342,307,-1,-1
340,2016,741,458,218,191,-1,-1
340,2019,1067,49,66,46,-1,-1
340,1814,1135,92,91,79,-1,-1
340,2025,1087,683,270,208,-1,-1
341,2011,829,150,82,60,-1,-1
341,2014,450,771,348,311,-1,-1
341,2016,735,466,221,193,-1,-1
341,2019,1066,50,66,46,-1,-1
341,1814,1135,91,91,78,-1,-1
341,2025,1090,669,264,204,-1,-1
342,2011,829,150,82,60,-1,-1
342,2014,437,782,353,315,-1,-1
342,2016,730,473,225,195,-1,-1
342,2019,1065,50,67,47,-1,-1
342,1814,1136,89,90,78,-1,-1
342,2025,1093,655,258,200,-1,-1
343,2011,829,150,82,60,-1,-1
343,2016,724,480,228,197,-1,-1
343,2019,1064,51,67,47,-1,-1
343,1814,1136,88,90,77,-1,-1
343,2025,1096,641,252,197,-1,-1
344,2011,829,150,82,60,-1,-1
344,2016,718,488,231,200,-1,-1
344,2019,1063,51,68,47,-1,-1
344,1814,1136,86,89,76,-1,-1
344,2025,1099,628,247,194,-1,-1
345,2011,829,150,82,60,-1,-1
345,2016,713,496,235,202,-1,-1
345,2019,1062,52,68,48,-1,-1
345,1814,1136,85,89,76,-1,-1
345,2025,1101,615,242,191,-1,-1
346,2011,829,150,82,60,-1,-1
346,2016,708,504,238,205,-1,-1
346,2019,1061,53,69,48,-1,-1
346,1814,1136,84,89,75,-1,-1
346,2025,1102,602,238,188,-1,-1
347,2011,829,150,82,60,-1,-1
347,2016,703,511,241,208,-1,-1
347,2019,1060,53,70,48,-1,-1
347,1814,1136,83,90,75,-1,-1
347,2025,1103,590,233,185,-1,-1
348,2011,829,150,82,60,-1,-1
348,2016,698,520,244,211,-1,-1
348,2019,1059,54,70,48,-1,-1
348,1814,1136,81,90,74,-1,-1
348,2025,1104,577,230,182,-1,-1
349,2011,829,150,82,60,-1,-1
349,2016,693,528,246,214,-1,-1
349,2019,1058,55,71,49,-1,-1
349,1814,1136,80,90,73,-1,-1
349,1956,1041,945,352,134,-1,-1
349,2025,1105,565,226,180,-1,-1
350,2011,829,150,82,60,-1,-1
350,2016,689,536,249,217,-1,-1
350,2019,1057,55,71,49,-1,-1
350,1814,1137,79,91,72,-1,-1
350,1956,1044,926,347,155,-1,-1
350,2025,1105,554,222,177,-1,-1
351,2011,829,150,82,60,-1,-1
351,2016,684,544,252,220,-1,-1
351,2019,1056,56,72,49,-1,-1
351,1814,1137,78,91,72,-1,-1
351,1956,1046,906,342,174,-1,-1
351,2025,1105,542,219,175,-1,-1
352,2011,829,150,82,60,-1,-1
352,2016,680,553,255,224,-1,-1
352,2019,1055,57,72,48,-1,-1
352,1814,1137,77,92,71,-1,-1
352,1956,1049,887,337,191,-1,-1
352,2025,1105,531,216,173,-1,-1
353,2011,829,150,82,60,-1,-1
353,2016,675,562,257,227,-1,-1
353,2019,1054,57,72,48,-1,-1
353,1814,1138,76,92,70,-1,-1
353,1956,1052,869,331,205,-1,-1
353,2025,1105,520,213,171,-1,-1
354,2011,829,150,82,60,-1,-1
354,2016,670,571,260,230,-1,-1
354,2019,1053,58,73,48,-1,-1
354,1814,1138,75,92,69,-1,-1
354,1956,1056,851,325,216,-1,-1
354,2025,1104,509,210,169,-1,-1
355,2011,829,150,82,60,-1,-1
355,2016,665,580,263,234,-1,-1
355,2019,1052,59,73,48,-1,-1
355,1814,1139,75,92,68,-1,-1
355,1956,1060,833,319,225,-1,-1
355,2025,1104,498,206,167,-1,-1
356,2011,829,150,82,60,-1,-1
356,2016,660,589,266,238,-1,-1
356,2019,1051,60,73,48,-1,-1
356,1814,1140,74,91,67,-1,-1
356,1956,1064,816,312,231,-1,-1
356,2025,1104,488,203,165,-1,-1
357,2011,829,150,82,60,-1,-1
357,2016,655,598,269,242,-1,-1
357,2019,1050,60,74,47,-1,-1
357,1814,1141,73,91,66,-1,-1
357,1956,1068,799,306,235,-1,-1
357,2025,1104,478,200,163,-1,-1
358,2011,829,150,82,60,-1,-1
358,2016,649,608,273,246,-1,-1
358,2019,1049,61,74,47,-1,-1
358,1814,1142,73,90,65,-1,-1
358,1956,1072,783,299,236,-1,-1
358,2025,1103,468,197,160,-1,-1
359,2011,829,150,82,60,-1,-1
359,2016,643,618,276,251,-1,-1
359,2019,1048,62,75,47,-1,-1
359,1814,1143,72,88,64,-1,-1
359,1956,1075,767,292,235,-1,-1
359,2025,1104,458,194,158,-1,-1
360,2011,829,150,82,60,-1,-1
360,2016,636,627,280,256,-1,-1
360,2019,1048,62,75,47,-1,-1
360,1814,1144,72,87,63,-1,-1
360,2021,1247,75,68,37,-1,-1
360,1956,1079,751,285,232,-1,-1
360,2025,1104,448,190,156,-1,-1
361,2011,829,150,82,60,-1,-1
361,2016,630,638,284,261,-1,-1
361,2019,1047,63,76,47,-1,-1
361,1814,1144,71,85,62,-1,-1
361,2021,1247,75,68,37,-1,-1
361,1956,1083,736,279,229,-1,-1
361,2025,1104,438,187,153,-1,-1
362,2011,829,150,82,60,-1,-1
362,2016,622,648,288,266,-1,-1
362,2019,1046,64,77,47,-1,-1
362,1814,1145,71,84,61,-1,-1
362,2021,1247,75,67,36,-1,-1
362,1956,1086,721,272,224,-1,-1
362,2025,1104,429,184,150,-1,-1
363,2011,829,150,82,60,-1,-1
363,2016,615,659,292,272,-1,-1
363,2019,1045,64,78,47,-1,-1
363,1814,1146,70,82,60,-1,-1
363,2021,1248,76,67,36,-1,-1
363,1956,1089,707,266,220,-1,-1
363,2025,1105,420,181,148,-1,-1
364,2011,829,150,82,60,-1,-1
364,2016,607,669,297,277,-1,-1
364,2019,1044,65,79,47,-1,-1
364,1814,1147,70,81,60,-1,-1
364,2021,1248,76,66,36,-1,-1
364,1956,1092,693,260,215,-1,-1
364,2025,1106,411,178,145,-1,-1
365,2011,829,150,82,60,-1,-1
365,2016,598,681,302,282,-1,-1
365,2019,1043,66,80,48,-1,-1
365,1814,1148,70,79,59,-1,-1
365,2021,1248,76,66,36,-1,-1
365,1956,1095,680,254,210,-1,-1
365,2025,1106,402,175,142,-1,-1
366,2011,829,150,82,60,-1,-1
366,2016,589,692,307,287,-1,-1
366,2019,1042,66,81,48,-1,-1
366,1814,1149,69,78,58,-1,-1
366,2021,1249,76,66,36,-1,-1
366,1956,1097,667,249,206,-1,-1
366,2025,1107,394,171,140,-1,-1
367,2011,829,150,82,60,-1,-1
367,2016,579,704,312,290,-1,-1
367,2019,1041,67,82,49,-1,-1
367,1814,1149,69,77,57,-1,-1
367,2021,1249,76,65,35,-1,-1
367,1956,1099,654,244,201,-1,-1
367,2025,1108,385,169,137,-1,-1
368,2011,829,150,82,60,-1,-1
368,2016,569,716,318,293,-1,-1
368,2019,1040,67,83,49,-1,-1
368,1814,1150,68,76,56,-1,-1
368,2021,1249,76,65,35,-1,-1
368,1956,1101,642,239,198,-1,-1
368,2025,1109,377,166,135,-1,-1
369,2011,829,150,82,60,-1,-1
369,2016,558,728,325,294,-1,-1
369,2019,1039,68,84,50,-1,-1
369,1814,1151,68,75,56,-1,-1
369,2021,1250,76,64,35,-1,-1
369,2022,1110,79,42,29,-1,-1
369,1956,1102,630,234,194,-1,-1
369,2025,1110,369,163,133,-1,-1
370,2011,829,150,82,60,-1,-1
370,2016,546,741,331,294,-1,-1
370,2019,1038,68,85,50,-1,-1
370,1814,1151,68,74,55,-1,-1
370,2021,1250,77,64,35,-1,-1
370,2022,1109,78,42,29,-1,-1
370,1956,1103,618,229,191,-1,-1
370,2025,1111,362,160,131,-1,-1
371,2011,829,150,82,60,-1,-1
371,2016,534,754,338,292,-1,-1
371,2019,1037,69,86,51,-1,-1
371,1814,1152,67,74,54,-1,-1
371,2021,1250,77,63,35,-1,-1
371,2022,1108,77,43,29,-1,-1
371,1956,1104,606,225,187,-1,-1
371,2025,1112,354,158,129,-1,-1
372,2011,829,150,82,60,-1,-1
372,2016,522,768,345,287,-1,-1
372,2019,1036,69,87,51,-1,-1
372,1814,1152,67,74,54,-1,-1
372,2021,1251,77,63,34,-1,-1
372,2022,1107,76,43,29,-1,-1
372,1956,1105,595,221,184,-1,-1
372,2025,1114,347,155,127,-1,-1
373,2011,829,150,82,60,-1,-1
373,2016,509,781,352,281,-1,-1
373,2019,1035,70,88,52,-1,-1
373,1814,1153,66,74,53,-1,-1
373,2021,1251,77,62,34,-1,-1
373,2022,1106,75,44,29,-1,-1
373,1956,1105,584,217,182,-1,-1
373,2025,1115,339,153,126,-1,-1
374,2011,829,150,82,60,-1,-1
374,2016,496,796,359,273,-1,-1
374,2019,1034,71,88,53,-1,-1
374,1814,1153,66,74,53,-1,-1
374,2022,1105,74,44,29,-1,-1
374,1956,1105,574,213,179,-1,-1
374,2025,1117,332,150,124,-1,-1
375,2011,829,150,82,60,-1,-1
375,2016,482,810,367,262,-1,-1
375,2019,1033,71,89,53,-1,-1
375,1814,1153,66,74,52,-1,-1
375,2022,1104,72,45,29,-1,-1
375,1956,1106,563,209,176,-1,-1
375,2025,1119,326,148,122,-1,-1
376,2011,829,150,82,60,-1,-1
376,2016,469,825,374,250,-1,-1
376,2019,1031,72,89,54,-1,-1
376,1814,1153,65,74,52,-1,-1
376,2022,1103,71,46,29,-1,-1
376,1956,1106,553,206,174,-1,-1
376,2025,1120,319,146,121,-1,-1
377,2011,829,150,82,60,-1,-1
377,2016,455,841,381,237,-1,-1
377,2019,1030,72,89,55,-1,-1
377,1814,1153,64,74,52,-1,-1
377,2022,1102,70,46,29,-1,-1
377,1956,1106,543,202,171,-1,-1
377,2025,1122,312,143,119,-1,-1
378,2011,829,150,82,60,-1,-1
378,2016,441,857,387,222,-1,-1
378,2019,1029,73,89,55,-1,-1
378,1814,1154,64,75,51,-1,-1
378,2022,1101,69,47,29,-1,-1
378,1956,1106,533,199,169,-1,-1
378,2025,1124,306,141,118,-1,-1
379,2011,829,150,82,60,-1,-1
379,2016,428,873,394,205,-1,-1
379,2019,1028,74,88,56,-1,-1
379,1814,1154,63,75,51,-1,-1
379,2022,1100,68,48,29,-1,-1
379,1956,1105,523,195,166,-1,-1
379,2025,1126,300,139,116,-1,-1
380,2011,829,150,82,60,-1,-1
380,2016,415,889,399,188,-1,-1
380,2019,1026,74,87,57,-1,-1
380,1814,1153,63,76,51,-1,-1
380,2022,1099,67,49,29,-1,-1
380,1956,1105,513,192,164,-1,-1
380,2025,1128,294,137,115,-1,-1
381,2011,829,150,82,60,-1,-1
381,2016,402,906,404,170,-1,-1
381,2019,1025,75,87,57,-1,-1
381,1814,1153,62,76,51,-1,-1
381,2022,1097,66,50,30,-1,-1
381,1956,1105,504,189,161,-1,-1
381,2025,1130,288,136,113,-1,-1
382,2011,829,150,82,60,-1,-1
382,2016,389,923,409,151,-1,-1
382,2019,1024,76,86,58,-1,-1
382,1814,1153,61,77,51,-1,-1
382,2022,1096,64,51,30,-1,-1
382,1956,1105,495,186,159,-1,-1
382,2025,1132,282,134,112,-1,-1
383,2011,829,150,82,60,-1,-1
383,2016,377,941,413,131,-1,-1
383,2019,1023,77,85,58,-1,-1
383,1814,1153,61,78,51,-1,-1
383,2022,1094,63,52,31,-1,-1
383,1956,1105,485,183,157,-1,-1
383,2025,1133,277,132,111,-1,-1
384,2011,829,150,82,60,-1,-1
384,2016,365,959,417,111,-1,-1
384,2019,1021,78,84,59,-1,-1
384,1814,1153,60,79,51,-1,-1
384,2022,1093,62,53,31,-1,-1
384,1956,1105,476,180,154,-1,-1
384,2025,1134,272,131,109,-1,-1
385,2011,829,150,82,60,-1,-1
385,2019,1020,79,83,59,-1,-1
385,1814,1152,59,79,51,-1,-1
385,2022,1091,61,54,32,-1,-1
385,1956,1105,468,177,152,-1,-1
385,2025,1135,266,130,108,-1,-1
386,2011,829,150,82,60,-1,-1
386,2019,1019,79,83,60,-1,-1
386,1814,1152,59,80,51,-1,-1
386,2022,1089,60,55,32,-1,-1
386,1956,1105,459,174,150,-1,-1
386,2025,1136,261,129,107,-1,-1
387,2011,829,150,82,60,-1,-1
387,2019,1018,80,82,60,-1,-1
387,1814,1152,58,81,51,-1,-1
387,2022,1087,59,56,33,-1,-1
387,1956,1105,450,171,148,-1,-1
387,2025,1137,256,129,106,-1,-1
388,2011,829,150,82,60,-1,-1
388,2019,1017,82,81,60,-1,-1
388,1814,1152,57,81,51,-1,-1
388,2022,1085,58,57,33,-1,-1
388,1956,1105,442,169,146,-1,-1
388,2025,1137,251,128,105,-1,-1
389,2011,829,150,82,60,-1,-1
389,2019,1016,83,81,60,-1,-1
389,1814,1152,56,82,51,-1,-1
389,2022,1083,57,58,34,-1,-1
389,1956,1105,434,166,143,-1,-1
389,2025,1137,247,128,104,-1,-1
390,2011,829,150,82,60,-1,-1
390,2019,1015,84,80,60,-1,-1
390,1814,1152,56,83,52,-1,-1
390,2022,1081,56,59,35,-1,-1
390,1956,1105,425,163,141,-1,-1
390,2025,1136,242,127,103,-1,-1
391,2011,829,150,82,60,-1,-1
391,2019,1014,85,80,61,-1,-1
391,1814,1152,55,83,52,-1,-1
391,2022,1079,55,60,36,-1,-1
391,1956,1106,417,161,139,-1,-1
391,2025,1135,237,127,103,-1,-1
392,2011,829,150,82,60,-1,-1
392,2019,1013,86,80,61,-1,-1
392,1814,1152,54,83,52,-1,-1
392,2022,1077,54,61,36,-1,-1
392,1956,1106,410,159,137,-1,-1
392,2025,1135,233,127,102,-1,-1
393,2011,829,150,82,60,-1,-1
393,2019,1012,88,80,61,-1,-1
393,1814,1152,53,83,52,-1,-1
393,2022,1075,54,62,37,-1,-1
393,1956,1106,402,156,135,-1,-1
393,2025,1134,229,127,101,-1,-1
394,2011,829,150,82,60,-1,-1
394,2019,1011,89,80,61,-1,-1
394,1814,1153,52,83,53,-1,-1
394,2022,1073,53,63,38,-1,-1
394,1956,1107,394,154,133,-1,-1
394,2025,1132,224,127,100,-1,-1
395,2011,829,150,82,60,-1,-1
395,2019,1010,90,80,62,-1,-1
395,1814,1153,52,83,53,-1,-1
395,2022,1071,52,64,39,-1,-1
395,1956,1108,387,152,131,-1,-1
395,2025,1131,220,127,99,-1,-1
396,2011,829,150,82,60,-1,-1
396,2019,1009,91,80,62,-1,-1
396,1814,1154,51,83,53,-1,-1
396,2022,1070,52,65,39,-1,-1
396,1956,1108,380,150,129,-1,-1
396,2025,1130,216,127,98,-1,-1
397,2011,829,150,82,60,-1,-1
397,2019,1008,93,80,62,-1,-1
397,1814,1154,50,83,54,-1,-1
397,2022,1068,51,65,40,-1,-1
397,1956,1109,373,147,127,-1,-1
397,2025,1129,212,126,97,-1,-1
398,2011,829,150,82,60,-1,-1
398,2019,1007,94,81,62,-1,-1
398,1814,1155,50,82,54,-1,-1
398,2022,1066,51,66,41,-1,-1
398,1956,1110,366,145,125,-1,-1
398,2025,1128,208,126,96,-1,-1
399,2011,829,150,82,60,-1,-1
399,2019,1006,96,81,62,-1,-1
399,1814,1155,49,82,54,-1,-1
399,2022,1065,50,67,41,-1,-1
399,1956,1111,359,143,123,-1,-1
399,2025,1128,205,125,95,-1,-1
400,2011,829,150,82,60,-1,-1
400,2019,1006,97,82,62,-1,-1
400,1814,1156,48,82,54,-1,-1
400,2022,1063,50,68,42,-1,-1
400,1956,1112,352,141,121,-1,-1
400,2025,1127,201,125,94,-1,-1
401,2011,829,150,82,60,-1,-1
401,2019,1005,98,83,62,-1,-1
401,1814,1156,48,81,55,-1,-1
401,2022,1062,50,68,43,-1,-1
401,1956,1112,346,139,119,-1,-1
401,2025,1127,197,124,93,-1,-1
402,2011,829,150,82,60,-1,-1
402,2019,1004,100,83,62,-1,-1
402,1814,1157,47,81,55,-1,-1
402,2022,1060,49,69,43,-1,-1
402,1956,1113,339,137,118,-1,-1
402,2025,1127,194,123,92,-1,-1
403,2011,829,150,82,60,-1,-1
403,2019,1003,101,84,62,-1,-1
403,1814,1157,46,81,55,-1,-1
403,2022,1059,49,70,44,-1,-1
403,1956,1114,333,135,116,-1,-1
403,2025,1127,190,122,91,-1,-1
404,2011,829,150,82,60,-1,-1
404,2019,1002,103,85,63,-1,-1
404,1814,1158,46,81,56,-1,-1
404,2022,1058,49,71,45,-1,-1
404,1956,1115,327,134,114,-1,-1
404,2025,1128,187,121,91,-1,-1
405,2011,829,150,82,60,-1,-1
405,2019,1001,104,86,63,-1,-1
405,1814,1158,45,81,56,-1,-1
405,2022,1056,49,71,45,-1,-1
405,1956,1116,321,132,113,-1,-1
405,2025,1129,183,120,90,-1,-1
406,2011,829,150,82,60,-1,-1
406,2019,1000,105,87,63,-1,-1
406,1814,1158,45,82,56,-1,-1
406,2022,1055,49,72,46,-1,-1
406,1956,1117,315,131,112,-1,-1
406,2025,1130,180,119,89,-1,-1
407,2011,829,150,82,60,-1,-1
407,2019,999,107,88,64,-1,-1
407,1814,1157,44,82,56,-1,-1
407,2022,1054,50,73,46,-1,-1
407,1956,1117,309,129,111,-1,-1
407,2025,1132,177,118,88,-1,-1
408,2011,829,150,82,60,-1,-1
408,2019,997,108,88,64,-1,-1
408,1814,1157,44,83,56,-1,-1
408,2022,1053,50,73,47,-1,-1
408,1956,1118,304,128,110,-1,-1
408,2025,1133,174,117,87,-1,-1
409,2011,829,150,82,60,-1,-1
409,2019,996,110,89,65,-1,-1
409,1814,1156,44,84,57,-1,-1
409,2022,1052,50,74,47,-1,-1
409,1956,1118,298,127,109,-1,-1
409,2025,1135,171,115,87,-1,-1
410,2011,829,150,82,60,-1,-1
410,2019,995,111,90,66,-1,-1
410,1814,1154,43,86,57,-1,-1
410,2022,1051,51,75,47,-1,-1
410,1956,1118,293,126,108,-1,-1
410,2025,1137,168,114,86,-1,-1
411,2011,829,150,82,60,-1,-1
411,2019,994,113,91,67,-1,-1
411,1814,1152,43,87,57,-1,-1
411,2022,1050,51,75,48,-1,-1
411,1956,1118,287,126,108,-1,-1
411,2025,1139,165,113,85,-1,-1
412,2011,829,150,82,60,-1,-1
412,2019,992,114,91,67,-1,-1
412,1814,1150,43,89,57,-1,-1
412,2022,1049,52,76,48,-1,-1
412,1956,1118,282,125,107,-1,-1
412,2025,1141,162,112,84,-1,-1
413,2011,829,150,82,60,-1,-1
413,2019,991,115,92,68,-1,-1
413,1814,1147,43,91,57,-1,-1
413,2022,1049,52,76,48,-1,-1
413,1956,1117,277,125,107,-1,-1
413,2025,1143,159,110,83,-1,-1
414,2011,829,150,82,60,-1,-1
414,2019,990,117,92,69,-1,-1
414,1814,1143,42,93,58,-1,-1
414,2022,1048,53,76,49,-1,-1
414,1956,1117,272,125,107,-1,-1
414,2025,1144,156,109,82,-1,-1
415,2011,829,150,82,60,-1,-1
415,2019,988,118,92,70,-1,-1
415,1814,1139,42,95,58,-1,-1
415,2022,1047,53,77,49,-1,-1
415,1956,1117,267,125,106,-1,-1
415,2025,1146,153,108,81,-1,-1
416,2011,829,150,82,60,-1,-1
416,2019,987,120,92,71,-1,-1
416,1814,1134,42,98,58,-1,-1
416,2022,1046,54,77,49,-1,-1
416,1956,1116,262,125,106,-1,-1
416,2025,1148,151,107,80,-1,-1
417,2011,829,150,82,60,-1,-1
417,2019,986,121,93,71,-1,-1
417,1814,1128,42,100,58,-1,-1
417,2022,1046,55,77,49,-1,-1
417,1956,1116,257,125,105,-1,-1
417,2025,1149,148,106,79,-1,-1
418,2011,829,150,82,60,-1,-1
418,2019,984,123,93,72,-1,-1
418,1814,1122,42,102,58,-1,-1
418,2022,1045,56,77,50,-1,-1
418,1956,1115,252,125,105,-1,-1
418,2025,1150,146,105,79,-1,-1
419,2011,829,150,82,60,-1,-1
419,2019,983,125,93,73,-1,-1
419,1814,1116,42,103,59,-1,-1
419,2022,1045,56,77,50,-1,-1
419,1956,1115,248,125,104,-1,-1
419,2025,1151,143,104,78,-1,-1
420,2011,829,150,82,60,-1,-1
420,2019,982,126,93,74,-1,-1
420,1814,1109,42,105,59,-1,-1
420,2022,1044,57,77,50,-1,-1
420,1956,1115,243,125,104,-1,-1
420,2025,1152,141,103,77,-1,-1
421,2011,829,150,82,60,-1,-1
421,2019,980,128,93,74,-1,-1
421,1814,1101,42,106,59,-1,-1
421,2022,1043,58,77,50,-1,-1
421,1956,1115,239,125,103,-1,-1
421,2025,1153,138,103,76,-1,-1
422,2011,829,150,82,60,-1,-1
422,2019,979,130,93,75,-1,-1
422,1814,1094,42,107,59,-1,-1
422,2022,1042,59,77,50,-1,-1
422,1956,1115,234,125,102,-1,-1
422,2025,1153,136,102,75,-1,-1
423,2011,829,150,82,60,-1,-1
423,2019,977,131,93,76,-1,-1
423,1814,1086,42,108,60,-1,-1
423,2022,1042,60,77,50,-1,-1
423,1956,1116,230,125,102,-1,-1
423,2025,1154,134,101,75,-1,-1
424,2011,829,150,82,60,-1,-1
424,2019,976,133,94,76,-1,-1
424,1814,1078,42,109,60,-1,-1
424,2022,1041,61,77,51,-1,-1
424,1956,1117,226,124,101,-1,-1
424,2025,1154,132,101,74,-1,-1
425,2011,829,150,82,60,-1,-1
425,2019,975,135,94,77,-1,-1
425,1814,1070,42,109,60,-1,-1
425,2022,1040,62,77,51,-1,-1
425,1956,1118,222,123,100,-1,-1
425,2025,1154,130,100,73,-1,-1
426,2011,829,150,82,60,-1,-1
426,2019,973,136,94,78,-1,-1
426,1814,1062,42,109,61,-1,-1
426,2022,1039,63,77,51,-1,-1
426,1956,1119,218,122,99,-1,-1
426,2025,1154,128,100,73,-1,-1
427,2011,829,150,82,60,-1,-1
427,2019,972,138,95,79,-1,-1
427,1814,1054,42,109,61,-1,-1
427,2022,1038,64,77,51,-1,-1
427,1956,1121,214,121,98,-1,-1
427,2025,1153,126,99,72,-1,-1
428,2011,829,150,82,60,-1,-1
428,2019,970,140,95,80,-1,-1
428,1814,1046,42,108,61,-1,-1
428,2022,1036,65,77,52,-1,-1
428,1956,1123,211,120,97,-1,-1
428,2025,1153,124,99,71,-1,-1
429,2011,829,150,82,60,-1,-1
429,2019,969,142,96,81,-1,-1
429,2022,1035,66,78,52,-1,-1
429,1956,1125,207,119,96,-1,-1
429,2025,1153,122,98,70,-1,-1
430,2011,829,150,82,60,-1,-1
430,2019,967,144,97,82,-1,-1
430,2022,1034,67,78,52,-1,-1
430,1956,1128,204,117,95,-1,-1
430,2025,1152,120,98,69,-1,-1
431,2011,829,150,82,60,-1,-1
431,2019,966,146,98,83,-1,-1
431,2022,1033,68,79,52,-1,-1
431,1956,1130,200,115,94,-1,-1
431,2025,1152,119,98,68,-1,-1
432,2011,829,150,82,60,-1,-1
432,2019,964,148,98,85,-1,-1
432,2022,1032,69,79,53,-1,-1
432,1956,1133,197,114,92,-1,-1
432,2025,1151,117,97,67,-1,-1
433,2011,829,150,82,60,-1,-1
433,2019,963,150,99,86,-1,-1
433,2022,1030,70,80,53,-1,-1
433,1956,1135,194,112,91,-1,-1
433,2025,1151,115,97,66,-1,-1
434,2011,829,150,82,60,-1,-1
434,2019,961,153,100,87,-1,-1
434,2022,1029,71,80,53,-1,-1
434,1956,1138,191,110,90,-1,-1
434,2025,1150,114,96,65,-1,-1
435,2011,829,150,82,60,-1,-1
435,2019,960,155,101,88,-1,-1
435,2022,1028,72,81,54,-1,-1
435,1956,1140,188,109,89,-1,-1
435,2025,1150,112,96,64,-1,-1
436,2011,829,150,82,60,-1,-1
436,2019,958,157,102,90,-1,-1
436,2022,1027,74,82,54,-1,-1
436,1956,1143,185,107,88,-1,-1
436,2025,1150,111,96,63,-1,-1
437,2011,829,150,82,60,-1,-1
437,2019,957,160,103,91,-1,-1
437,2022,1026,75,82,54,-1,-1
437,1956,1145,182,105,86,-1,-1
437,2025,1149,110,95,63,-1,-1
438,2011,829,150,82,60,-1,-1
438,2019,955,162,104,92,-1,-1
438,2022,1024,76,83,55,-1,-1
438,1956,1147,179,104,85,-1,-1
438,2025,1149,108,95,62,-1,-1
439,2011,829,150,82,60,-1,-1
439,2019,954,164,105,93,-1,-1
439,2022,1023,77,84,55,-1,-1
439,1956,1149,176,102,84,-1,-1
439,2025,1149,107,94,61,-1,-1
440,2011,829,150,82,60,-1,-1
440,2019,952,167,106,94,-1,-1
440,2022,1022,79,84,55,-1,-1
440,1956,1151,173,101,83,-1,-1
440,2025,1149,106,94,61,-1,-1
441,2011,829,150,82,60,-1,-1
441,2019,951,169,106,94,-1,-1
441,2022,1022,80,85,56,-1,-1
441,1956,1152,171,99,82,-1,-1
441,2025,1149,104,93,60,-1,-1
442,2011,829,150,82,60,-1,-1
442,2019,950,172,107,95,-1,-1
442,2022,1021,82,85,56,-1,-1
442,1956,1154,168,98,81,-1,-1
442,2025,1149,103,92,60,-1,-1
443,2011,829,150,82,60,-1,-1
443,2019,948,175,108,96,-1,-1
443,2022,1020,83,86,56,-1,-1
443,1956,1154,165,97,80,-1,-1
443,2025,1149,102,92,60,-1,-1
444,2011,829,150,82,60,-1,-1
444,2019,947,178,108,97,-1,-1
444,2022,1019,84,86,56,-1,-1
444,1956,1155,163,96,79,-1,-1
444,2025,1150,101,91,59,-1,-1
445,2011,829,150,82,60,-1,-1
445,2019,945,180,109,97,-1,-1
445,2022,1019,86,87,57,-1,-1
445,1956,1156,160,95,78,-1,-1
445,2025,1150,100,90,59,-1,-1
446,2011,829,150,82,60,-1,-1
446,2019,944,183,110,98,-1,-1
446,2022,1018,87,87,57,-1,-1
446,1956,1156,158,95,77,-1,-1
446,2025,1150,98,89,59,-1,-1
447,2011,829,150,82,60,-1,-1
447,2019,943,186,110,99,-1,-1
447,2022,1017,89,88,57,-1,-1
447,1956,1156,155,94,76,-1,-1
447,2025,1150,97,89,58,-1,-1
448,2011,829,150,82,60,-1,-1
448,2019,942,189,111,100,-1,-1
448,2022,1017,91,88,57,-1,-1
448,1956,1156,152,93,75,-1,-1
448,2025,1151,96,88,57,-1,-1
449,2011,829,150,82,60,-1,-1
449,2019,940,192,111,101,-1,-1
449,2022,1016,92,89,58,-1,-1
449,1956,1156,150,93,74,-1,-1
449,2025,1151,95,87,56,-1,-1
450,2011,829,150,82,60,-1,-1
450,2019,939,195,111,102,-1,-1
450,2022,1015,94,89,58,-1,-1
450,1956,1156,147,92,74,-1,-1
450,2025,1151,94,86,55,-1,-1
451,2011,829,150,82,60,-1,-1
451,2019,938,198,112,102,-1,-1
451,2022,1015,95,89,58,-1,-1
451,1956,1156,145,91,73,-1,-1
451,2025,1152,93,85,53,-1,-1
452,2011,829,150,82,60,-1,-1
452,2019,937,201,112,103,-1,-1
452,2022,1014,97,89,58,-1,-1
452,1956,1156,142,90,72,-1,-1
452,2025,1152,92,84,51,-1,-1
453,2011,829,150,82,60,-1,-1
453,2019,935,205,112,104,-1,-1
453,2022,1013,99,90,58,-1,-1
453,1956,1156,140,90,72,-1,-1
453,2025,1152,91,83,50,-1,-1
454,2011,829,150,82,60,-1,-1
454,2019,934,208,113,105,-1,-1
454,2022,1012,101,90,59,-1,-1
454,1956,1156,137,89,71,-1,-1
454,2025,1153,90,83,48,-1,-1
455,2011,829,150,82,60,-1,-1
455,2019,933,211,113,106,-1,-1
455,2022,1011,102,90,59,-1,-1
455,1956,1156,135,88,71,-1,-1
455,2025,1153,89,82,47,-1,-1
456,2011,829,150,82,60,-1,-1
456,2019,932,215,113,107,-1,-1
456,2022,1010,104,90,59,-1,-1
456,1956,1157,132,87,70,-1,-1
456,2025,1153,88,81,45,-1,-1
457,2011,829,150,82,60,-1,-1
457,2019,930,218,113,108,-1,-1
457,2022,1009,106,90,60,-1,-1
457,1956,1157,130,87,70,-1,-1
457,2025,1153,87,80,44,-1,-1
458,2011,829,150,82,60,-1,-1
458,2019,929,222,113,109,-1,-1
458,2022,1008,107,91,60,-1,-1
458,1956,1157,127,86,69,-1,-1
458,2025,1153,86,79,43,-1,-1
459,2011,829,150,82,60,-1,-1
459,2019,927,225,114,110,-1,-1
459,2022,1007,109,91,61,-1,-1
459,1956,1157,125,85,69,-1,-1
459,2025,1153,85,79,42,-1,-1
460,2011,829,150,82,60,-1,-1
460,2019,926,229,114,111,-1,-1
460,2022,1006,111,91,61,-1,-1
460,1956,1157,123,85,69,-1,-1
460,2025,1153,84,78,41,-1,-1
461,2011,829,150,82,60,-1,-1
461,2019,924,232,114,112,-1,-1
461,2022,1005,113,91,62,-1,-1
461,1956,1157,121,84,68,-1,-1
461,2025,1153,83,77,40,-1,-1
462,2011,829,150,82,60,-1,-1
462,2019,923,236,114,113,-1,-1
462,2022,1003,115,91,62,-1,-1
462,1956,1157,118,84,68,-1,-1
462,2025,1152,82,77,40,-1,-1
463,2011,829,150,82,60,-1,-1
463,2019,921,240,115,114,-1,-1
463,2022,1002,116,92,63,-1,-1
463,1956,1158,116,83,68,-1,-1
463,2025,1152,81,76,39,-1,-1
464,2011,829,150,82,60,-1,-1
464,2019,919,244,116,115,-1,-1
464,2022,1000,118,92,63,-1,-1
464,1956,1157,114,83,67,-1,-1
464,2025,1151,79,76,38,-1,-1
465,2011,829,150,82,60,-1,-1
465,2019,917,248,116,115,-1,-1
465,2022,999,120,92,64,-1,-1
465,1956,1157,112,83,67,-1,-1
465,2025,1151,78,76,38,-1,-1
466,2011,829,150,82,60,-1,-1
466,2019,915,252,117,116,-1,-1
466,2022,997,122,93,65,-1,-1
466,1956,1157,110,83,67,-1,-1
466,2025,1150,77,75,38,-1,-1
467,2011,829,150,82,60,-1,-1
467,2019,913,256,118,117,-1,-1
467,2022,996,124,93,66,-1,-1
467,1956,1157,108,82,67,-1,-1
467,2025,1150,76,75,38,-1,-1
468,2011,829,150,82,60,-1,-1
468,2019,911,261,119,118,-1,-1
468,2022,994,125,94,67,-1,-1
468,2023,1074,70,51,20,-1,-1
468,1956,1157,107,82,67,-1,-1
468,2025,1149,75,74,38,-1,-1
469,2011,829,150,82,60,-1,-1
469,2019,908,265,120,119,-1,-1
469,2022,992,127,94,68,-1,-1
469,2023,1073,68,52,22,-1,-1
469,1956,1156,105,82,67,-1,-1
469,2025,1149,74,74,38,-1,-1
470,2011,829,150,82,60,-1,-1
470,2019,906,270,122,120,-1,-1
470,2022,990,129,95,69,-1,-1
470,2023,1072,67,54,24,-1,-1
470,1956,1156,103,82,66,-1,-1
470,2025,1149,72,74,38,-1,-1
471,2011,829,150,82,60,-1,-1
471,2019,903,274,123,121,-1,-1
471,2022,989,131,95,70,-1,-1
471,2023,1071,66,55,26,-1,-1
471,1956,1155,101,82,66,-1,-1
471,2025,1148,71,73,38,-1,-1
472,2011,829,150,82,60,-1,-1
472,2019,900,279,125,122,-1,-1
472,2022,987,133,96,71,-1,-1
472,2023,1070,64,56,27,-1,-1
472,1956,1155,99,82,66,-1,-1
472,2025,1148,70,73,38,-1,-1
473,2011,829,150,82,60,-1,-1
473,2019,897,284,127,124,-1,-1
473,2022,985,135,97,72,-1,-1
473,2023,1070,63,57,29,-1,-1
473,1956,1155,98,82,66,-1,-1
473,2025,1148,69,72,38,-1,-1
474,2011,829,150,82,60,-1,-1
474,2019,894,289,128,125,-1,-1
474,2022,983,137,97,73,-1,-1
474,2023,1069,62,58,30,-1,-1
474,1956,1154,96,81,65,-1,-1
474,2025,1148,67,72,38,-1,-1
475,2011,829,150,82,60,-1,-1
475,2019,891,294,130,127,-1,-1
475,2022,981,139,98,74,-1,-1
475,2023,1068,61,59,31,-1,-1
475,1956,1154,95,81,65,-1,-1
475,2025,1148,66,72,38,-1,-1
476,2011,829,150,82,60,-1,-1
476,2019,888,299,132,128,-1,-1
476,2022,979,141,99,75,-1,-1
476,2023,1068,60,59,32,-1,-1
476,1956,1153,93,81,64,-1,-1
476,2025,1148,65,71,38,-1,-1
477,2011,829,150,82,60,-1,-1
477,2019,884,304,134,130,-1,-1
477,2022,977,144,100,77,-1,-1
477,2023,1067,59,60,33,-1,-1
477,1956,1152,92,80,64,-1,-1
477,2025,1148,64,71,38,-1,-1
478,2011,829,150,82,60,-1,-1
478,2019,880,310,136,132,-1,-1
478,2022,975,146,101,78,-1,-1
478,2023,1067,58,61,34,-1,-1
478,1956,1152,90,80,63,-1,-1
478,2025,1149,63,71,38,-1,-1
479,2011,829,150,82,60,-1,-1
479,2019,877,315,138,133,-1,-1
479,2022,973,148,102,79,-1,-1
479,2023,1066,57,61,35,-1,-1
479,1956,1151,89,79,63,-1,-1
479,2025,1149,62,70,39,-1,-1
480,2011,829,150,82,60,-1,-1
480,2019,873,321,140,135,-1,-1
480,2022,971,151,103,81,-1,-1
480,2023,1066,56,62,36,-1,-1
480,1956,1151,88,79,62,-1,-1
480,2025,1150,61,70,39,-1,-1
481,2011,829,150,82,60,-1,-1
481,2019,869,326,141,137,-1,-1
481,2022,968,153,104,82,-1,-1
481,2023,1065,55,63,37,-1,-1
481,1956,1150,86,78,62,-1,-1
481,2025,1151,60,70,40,-1,-1
482,2011,829,150,82,60,-1,-1
482,2019,864,332,143,138,-1,-1
482,2022,966,156,105,83,-1,-1
482,2023,1065,54,63,37,-1,-1
482,1956,1150,85,78,62,-1,-1
482,2025,1152,59,70,40,-1,-1
483,2011,829,150,82,60,-1,-1
483,2019,860,338,145,140,-1,-1
483,2022,964,158,106,84,-1,-1
483,2023,1064,54,64,38,-1,-1
483,1956,1149,84,77,61,-1,-1
483,2025,1153,58,69,41,-1,-1
484,2011,829,150,82,60,-1,-1
484,2019,856,345,147,142,-1,-1
484,2022,962,161,107,86,-1,-1
484,2023,1064,53,64,38,-1,-1
484,1956,1149,83,77,61,-1,-1
484,2025,1154,57,69,42,-1,-1
485,2011,829,150,82,60,-1,-1
485,2019,851,351,149,143,-1,-1
485,2022,960,164,108,87,-1,-1
485,2023,1063,52,65,39,-1,-1
485,1956,1148,82,76,61,-1,-1
485,2025,1155,56,69,42,-1,-1
486,2011,829,150,82,60,-1,-1
486,2019,847,357,151,145,-1,-1
486,2022,957,166,109,88,-1,-1
486,2023,1063,52,65,39,-1,-1
486,1956,1148,81,76,60,-1,-1
486,2025,1156,56,69,43,-1,-1
487,2011,829,150,82,60,-1,-1
487,2019,842,364,153,146,-1,-1
487,2022,955,169,110,90,-1,-1
487,2023,1062,52,66,40,-1,-1
487,1956,1147,80,76,60,-1,-1
487,2025,1157,55,69,44,-1,-1
488,2011,829,150,82,60,-1,-1
488,2019,837,370,155,148,-1,-1
488,2022,953,172,112,91,-1,-1
488,2023,1062,51,66,40,-1,-1
488,1956,1147,80,76,60,-1,-1
488,2025,1158,55,69,45,-1,-1
489,2011,829,150,82,60,-1,-1
489,2019,832,377,157,149,-1,-1
489,2022,950,175,113,92,-1,-1
489,2023,1061,51,67,40,-1,-1
489,1956,1146,79,75,59,-1,-1
489,2025,1159,54,69,45,-1,-1
490,2011,829,150,83,60,-1,-1
490,2019,827,384,159,151,-1,-1
490,2022,948,179,114,93,-1,-1
490,2023,1060,50,67,41,-1,-1
490,1956,1146,78,75,59,-1,-1
490,2025,1161,53,69,46,-1,-1
491,2011,829,150,83,60,-1,-1
491,2019,822,391,162,153,-1,-1
491,2022,945,182,115,94,-1,-1
491,2023,1060,50,68,41,-1,-1
491,1956,1146,77,75,58,-1,-1
491,2025,1162,53,69,46,-1,-1
492,2011,829,150,83,60,-1,-1
492,2019,817,398,164,154,-1,-1
492,2022,943,185,116,96,-1,-1
492,2023,1059,50,69,41,-1,-1
492,1956,1145,77,75,57,-1,-1
492,2025,1163,53,70,47,-1,-1
493,2011,829,150,83,60,-1,-1
493,2019,812,405,166,156,-1,-1
493,2022,941,189,117,97,-1,-1
493,2023,1058,50,69,41,-1,-1
493,1956,1145,76,75,57,-1,-1
493,2025,1164,52,70,47,-1,-1
494,2011,829,150,83,60,-1,-1
494,2019,807,412,168,158,-1,-1
494,2022,938,192,117,98,-1,-1
494,2023,1057,50,70,41,-1,-1
494,1956,1145,75,75,56,-1,-1
494,2025,1166,52,70,47,-1,-1
495,2011,829,150,83,60,-1,-1
495,2019,802,420,171,159,-1,-1
495,2022,936,196,118,99,-1,-1
495,2023,1056,50,71,41,-1,-1
495,1956,1145,75,75,55,-1,-1
495,2025,1167,52,70,47,-1,-1
496,2011,829,150,83,60,-1,-1
496,2019,796,427,173,161,-1,-1
496,2022,933,200,119,100,-1,-1
496,2023,1055,50,72,41,-1,-1
496,1956,1146,74,75,54,-1,-1
496,2025,1168,52,70,48,-1,-1
497,2011,829,150,83,60,-1,-1
497,2019,791,435,175,163,-1,-1
497,2022,931,204,120,102,-1,-1
497,2023,1054,50,73,41,-1,-1
497,1956,1146,73,76,53,-1,-1
497,2025,1169,52,71,48,-1,-1
498,2011,829,150,83,60,-1,-1
498,2019,785,442,178,164,-1,-1
498,2022,928,208,120,103,-1,-1
498,2023,1052,50,75,42,-1,-1
498,1956,1146,73,76,52,-1,-1
498,2025,1170,51,71,48,-1,-1
499,2011,829,150,83,60,-1,-1
499,2019,780,450,180,166,-1,-1
499,2022,926,212,121,104,-1,-1
499,2023,1051,50,76,42,-1,-1
499,1956,1147,72,76,51,-1,-1
499,2025,1171,51,71,48,-1,-1
500,2011,829,150,83,60,-1,-1
500,2019,774,458,182,168,-1,-1
500,2022,924,217,121,105,-1,-1
500,2023,1050,51,77,42,-1,-1
500,1956,1148,71,76,50,-1,-1
500,2025,1171,51,71,48,-1,-1
501,2011,829,150,83,60,-1,-1
501,2019,769,466,184,170,-1,-1
501,2022,921,221,122,106,-1,-1
501,2023,1049,51,78,43,-1,-1
501,1956,1149,70,76,49,-1,-1
501,2025,1172,51,71,47,-1,-1
502,2011,829,150,83,60,-1,-1
502,2019,763,474,187,172,-1,-1
502,2022,919,226,122,107,-1,-1
502,2023,1048,51,79,43,-1,-1
502,1956,1150,70,76,49,-1,-1
502,2025,1173,51,71,47,-1,-1
503,2011,829,150,83,60,-1,-1
503,2019,758,482,189,175,-1,-1
503,2022,916,230,123,109,-1,-1
503,2023,1046,52,80,43,-1,-1
503,1956,1151,69,76,48,-1,-1
503,2025,1174,51,70,46,-1,-1
504,2011,829,150,83,60,-1,-1
504,2019,752,490,192,177,-1,-1
504,2022,914,235,124,110,-1,-1
504,2023,1045,52,81,44,-1,-1
504,1956,1152,68,76,48,-1,-1
504,2025,1174,51,70,45,-1,-1
505,2011,829,150,83,60,-1,-1
505,2019,746,499,194,180,-1,-1
505,2022,911,240,124,111,-1,-1
505,2023,1045,52,82,44,-1,-1
505,1956,1153,67,77,48,-1,-1
506,2011,829,150,83,60,-1,-1
506,2019,741,507,197,183,-1,-1
506,2022,908,246,125,112,-1,-1
506,2023,1044,53,83,45,-1,-1
506,1956,1154,66,77,48,-1,-1
507,2011,829,150,83,60,-1,-1
507,2019,735,516,200,185,-1,-1
507,2022,905,251,126,114,-1,-1
507,2023,1043,54,83,45,-1,-1
507,1956,1155,65,77,48,-1,-1
508,2011,829,150,83,60,-1,-1
508,2019,729,525,203,188,-1,-1
508,2022,902,257,126,115,-1,-1
508,2023,1043,54,83,45,-1,-1
508,1956,1157,64,77,48,-1,-1
509,2011,829,150,83,60,-1,-1
509,2019,723,534,206,191,-1,-1
509,2022,899,262,127,116,-1,-1
509,2023,1042,55,84,45,-1,-1
509,1956,1158,63,77,48,-1,-1
510,2011,829,150,83,60,-1,-1
510,2019,718,543,209,194,-1,-1
510,2022,896,268,128,118,-1,-1
510,2023,1042,56,84,46,-1,-1
510,1956,1159,62,77,48,-1,-1
511,2011,829,150,83,60,-1,-1
511,2019,712,552,213,197,-1,-1
511,2022,892,274,130,119,-1,-1
511,2023,1042,56,83,46,-1,-1
511,1956,1160,61,78,48,-1,-1
512,2011,829,150,83,60,-1,-1
512,2019,706,561,217,200,-1,-1
512,2022,888,280,131,120,-1,-1
512,2023,1042,57,83,46,-1,-1
512,1956,1161,60,78,48,-1,-1
513,2011,829,150,83,60,-1,-1
513,2019,699,571,220,202,-1,-1
513,2022,884,287,133,122,-1,-1
513,2023,1042,58,83,46,-1,-1
513,1956,1162,59,78,48,-1,-1
514,2011,829,150,83,60,-1,-1
514,2019,693,581,224,205,-1,-1
514,2022,880,293,135,123,-1,-1
514,2023,1042,59,82,46,-1,-1
514,1956,1162,58,79,48,-1,-1
515,2011,829,150,83,60,-1,-1
515,2019,687,591,229,208,-1,-1
515,2022,876,300,137,125,-1,-1
515,2023,1042,59,82,46,-1,-1
515,1956,1163,57,80,48,-1,-1
516,2011,829,150,83,60,-1,-1
516,2019,680,601,233,211,-1,-1
516,2022,871,307,139,127,-1,-1
516,2023,1042,60,81,45,-1,-1
516,1956,1163,57,80,48,-1,-1
517,2011,829,150,83,60,-1,-1
517,2019,673,611,237,213,-1,-1
517,2022,866,314,141,128,-1,-1
517,2023,1043,61,80,45,-1,-1
517,1956,1163,56,81,48,-1,-1
518,2011,829,150,83,60,-1,-1
518,2019,666,622,242,217,-1,-1
518,2022,861,322,144,130,-1,-1
518,2023,1043,62,79,45,-1,-1
518,1956,1163,55,82,48,-1,-1
519,2011,829,150,83,60,-1,-1
519,2019,659,633,246,220,-1,-1
519,2022,856,329,147,132,-1,-1
519,2023,1043,63,79,45,-1,-1
519,1956,1163,55,82,48,-1,-1
520,2011,829,150,83,60,-1,-1
520,2019,651,644,251,224,-1,-1
520,2022,851,337,149,133,-1,-1
520,2023,1043,63,78,44,-1,-1
520,1956,1163,54,83,48,-1,-1
521,2011,829,150,83,60,-1,-1
521,2019,643,655,256,228,-1,-1
521,2022,845,345,152,135,-1,-1
521,2023,1043,64,78,44,-1,-1
521,1956,1163,54,84,47,-1,-1
522,2011,829,150,83,60,-1,-1
522,2019,635,667,261,232,-1,-1
522,2022,840,353,155,137,-1,-1
522,2023,1043,65,77,44,-1,-1
522,1956,1163,54,84,47,-1,-1
523,2011,829,150,83,60,-1,-1
523,2019,626,679,266,237,-1,-1
523,2022,834,361,159,139,-1,-1
523,2023,1043,65,77,44,-1,-1
523,1956,1163,53,85,47,-1,-1
524,2011,829,150,83,60,-1,-1
524,2019,617,692,271,242,-1,-1
524,2022,828,369,162,141,-1,-1
524,2023,1042,66,77,44,-1,-1
524,1956,1163,53,85,46,-1,-1
525,2011,829,150,83,60,-1,-1
525,2019,607,704,276,247,-1,-1
525,2022,822,378,165,143,-1,-1
525,2023,1042,67,76,44,-1,-1
525,1956,1163,53,85,46,-1,-1
526,2011,829,150,83,60,-1,-1
526,2019,597,717,281,252,-1,-1
526,2022,817,387,168,145,-1,-1
526,2023,1041,67,76,44,-1,-1
526,1956,1163,53,85,46,-1,-1
527,2011,829,150,83,60,-1,-1
527,2019,587,730,287,255,-1,-1
527,2022,811,396,172,147,-1,-1
527,2023,1041,68,76,44,-1,-1
527,1956,1163,53,85,45,-1,-1
528,2011,829,150,83,60,-1,-1
528,2019,576,744,292,258,-1,-1
528,2022,805,405,175,149,-1,-1
528,2023,1040,68,76,45,-1,-1
528,1956,1163,53,84,45,-1,-1
529,2011,829,150,83,60,-1,-1
529,2019,565,758,298,260,-1,-1
529,2022,799,415,179,151,-1,-1
529,2023,1040,69,77,45,-1,-1
529,1956,1164,53,84,44,-1,-1
530,2011,829,150,83,60,-1,-1
530,2019,553,772,304,259,-1,-1
530,2022,793,424,182,153,-1,-1
530,2023,1039,69,77,46,-1,-1
530,1956,1165,53,83,44,-1,-1
531,2011,829,150,83,60,-1,-1
531,2019,541,787,309,257,-1,-1
531,2022,786,434,186,155,-1,-1
531,2023,1038,70,77,46,-1,-1
531,1956,1165,53,82,43,-1,-1
532,2011,829,150,83,60,-1,-1
532,2019,528,802,315,252,-1,-1
532,2022,780,444,189,158,-1,-1
532,2023,1037,70,78,47,-1,-1
532,1956,1166,54,82,43,-1,-1
533,2011,829,150,83,60,-1,-1
533,2019,515,818,321,245,-1,-1
533,2022,774,455,193,160,-1,-1
533,2023,1036,71,78,47,-1,-1
533,1956,1167,54,81,42,-1,-1
534,2011,829,150,83,60,-1,-1
534,2019,502,833,326,236,-1,-1
534,2022,767,465,197,163,-1,-1
534,2023,1035,71,79,48,-1,-1
534,1956,1168,54,80,42,-1,-1
535,2011,829,150,83,60,-1,-1
535,2019,488,849,332,224,-1,-1
535,2022,761,476,200,165,-1,-1
535,2023,1034,72,79,49,-1,-1
535,1956,1169,55,78,41,-1,-1
536,2011,829,150,83,60,-1,-1
536,2019,474,866,338,211,-1,-1
536,2022,754,487,204,168,-1,-1
536,2023,1034,72,79,49,-1,-1
536,1956,1170,55,77,41,-1,-1
537,2011,829,150,83,60,-1,-1
537,2019,460,882,344,196,-1,-1
537,2022,747,498,208,170,-1,-1
537,2023,1033,72,80,50,-1,-1
537,1956,1171,55,76,40,-1,-1
538,2011,829,150,83,60,-1,-1
538,2019,446,899,350,179,-1,-1
538,2022,740,510,212,173,-1,-1
538,2023,1032,73,80,51,-1,-1
538,1956,1172,56,75,40,-1,-1
539,2011,829,150,83,60,-1,-1
539,2019,431,917,357,160,-1,-1
539,2022,733,522,216,176,-1,-1
539,2023,1031,73,80,51,-1,-1
539,1956,1173,56,74,39,-1,-1
540,2011,829,150,83,60,-1,-1
540,2019,416,934,363,141,-1,-1
540,2022,726,534,221,180,-1,-1
540,2023,1031,74,80,52,-1,-1
540,1956,1174,57,73,39,-1,-1
541,2011,829,150,83,60,-1,-1
541,2019,402,952,370,120,-1,-1
541,2022,718,546,225,183,-1,-1
541,2023,1030,74,80,52,-1,-1
541,1956,1174,57,72,38,-1,-1
542,2011,829,150,83,60,-1,-1
542,2022,710,559,230,186,-1,-1
542,2023,1030,75,80,53,-1,-1
542,1956,1175,58,71,38,-1,-1
543,2011,829,150,83,60,-1,-1
543,2022,702,572,235,190,-1,-1
543,2023,1029,75,80,53,-1,-1
543,1956,1176,58,70,37,-1,-1
544,2011,829,150,83,60,-1,-1
544,2022,693,585,240,194,-1,-1
544,2023,1029,76,80,54,-1,-1
544,1956,1176,59,70,37,-1,-1
545,2011,829,150,83,60,-1,-1
545,2022,684,598,245,198,-1,-1
545,2023,1029,77,80,54,-1,-1
545,1956,1177,59,69,36,-1,-1
546,2011,829,150,83,60,-1,-1
546,2022,674,611,251,202,-1,-1
546,2023,1028,77,79,55,-1,-1
546,1956,1178,59,68,36,-1,-1
547,2011,829,150,83,60,-1,-1
547,2022,664,625,257,207,-1,-1
547,2023,1028,78,79,55,-1,-1
547,1956,1178,60,67,36,-1,-1
548,2011,829,150,83,60,-1,-1
548,2022,654,639,263,211,-1,-1
548,2023,1028,79,79,55,-1,-1
548,1956,1179,60,67,35,-1,-1
549,2011,829,150,83,60,-1,-1
549,2022,643,654,270,216,-1,-1
549,2023,1027,80,79,56,-1,-1
549,1956,1180,60,66,35,-1,-1
550,2011,829,150,83,60,-1,-1
550,2022,631,668,276,221,-1,-1
550,2023,1027,81,79,56,-1,-1
550,1956,1181,61,65,34,-1,-1
551,2011,829,150,83,60,-1,-1
551,2022,620,683,283,227,-1,-1
551,2023,1027,82,79,56,-1,-1
551,1956,1181,61,64,34,-1,-1
552,2011,829,150,83,60,-1,-1
552,2022,607,698,291,232,-1,-1
552,2023,1026,83,79,57,-1,-1
552,1956,1182,61,64,33,-1,-1
553,2011,829,150,83,60,-1,-1
553,2022,594,713,298,238,-1,-1
553,2023,1026,85,79,57,-1,-1
553,1956,1183,61,63,33,-1,-1
554,2011,829,150,83,60,-1,-1
554,2022,581,729,306,244,-1,-1
554,2023,1025,86,79,57,-1,-1
554,1956,1184,61,62,32,-1,-1
555,2011,829,150,83,60,-1,-1
555,2022,568,744,314,250,-1,-1
555,2023,1024,87,80,57,-1,-1
555,1956,1185,62,61,31,-1,-1
556,2011,829,150,83,60,-1,-1
556,2022,554,760,323,256,-1,-1
556,2023,1024,89,80,58,-1,-1
556,1956,1186,62,60,30,-1,-1
557,2011,829,150,83,60,-1,-1
557,2022,540,776,331,263,-1,-1
557,2023,1023,90,81,58,-1,-1
557,1956,1187,62,59,29,-1,-1
558,2011,829,150,83,60,-1,-1
558,2022,525,793,340,270,-1,-1
558,2023,1022,91,82,58,-1,-1
559,2011,829,150,83,60,-1,-1
559,2023,1021,93,82,58,-1,-1
560,2011,829,150,83,60,-1,-1
560,2023,1020,94,83,58,-1,-1
561,2011,829,150,83,60,-1,-1
561,2023,1019,96,84,58,-1,-1
562,2011,829,150,83,60,-1,-1
562,2023,1018,97,85,58,-1,-1
563,2011,829,150,83,60,-1,-1
563,2023,1017,99,86,58,-1,-1
564,2011,829,150,83,60,-1,-1
564,2023,1016,100,87,58,-1,-1
565,2011,829,150,83,60,-1,-1
565,2023,1016,102,87,58,-1,-1
566,2011,829,150,83,60,-1,-1
566,2023,1015,103,88,59,-1,-1
567,2011,829,150,83,60,-1,-1
567,2023,1014,105,88,59,-1,-1
568,2011,829,150,83,60,-1,-1
568,2023,1014,106,89,59,-1,-1
569,2011,829,150,83,60,-1,-1
569,2023,1013,108,89,59,-1,-1
570,2011,829,150,83,60,-1,-1
570,2023,1013,109,90,59,-1,-1
571,2011,829,150,83,60,-1,-1
571,2023,1012,111,90,60,-1,-1
572,2011,829,150,83,60,-1,-1
572,2023,1012,112,90,60,-1,-1
573,2011,829,150,83,60,-1,-1
573,2023,1012,114,91,60,-1,-1
574,2011,829,150,83,60,-1,-1
574,2023,1011,115,91,60,-1,-1
575,2011,829,150,83,60,-1,-1
575,2023,1011,117,91,61,-1,-1
576,2011,829,150,83,60,-1,-1
576,2023,1011,118,91,61,-1,-1
577,2011,829,150,83,60,-1,-1
577,2023,1010,120,91,62,-1,-1
578,2011,829,150,83,60,-1,-1
578,2023,1010,121,92,62,-1,-1
579,2011,829,150,83,60,-1,-1
579,2023,1009,123,92,63,-1,-1
580,2011,829,150,83,60,-1,-1
580,2023,1009,124,92,63,-1,-1
581,2011,829,150,83,60,-1,-1
581,2023,1008,126,93,64,-1,-1
582,2011,829,150,83,60,-1,-1
582,2023,1007,127,93,64,-1,-1
583,2011,829,150,83,60,-1,-1
583,2023,1007,129,93,65,-1,-1
584,2011,829,150,83,60,-1,-1
584,2023,1006,131,94,66,-1,-1
585,2011,829,150,83,60,-1,-1
585,2023,1005,132,94,66,-1,-1
586,2011,829,150,83,60,-1,-1
586,2023,1004,134,95,67,-1,-1
587,2011,829,150,83,60,-1,-1
587,2023,1003,136,96,68,-1,-1
588,2011,829,150,83,60,-1,-1
588,2023,1002,138,96,69,-1,-1
588,2026,851,111,93,63,-1,-1
589,2011,829,150,83,60,-1,-1
589,2023,1000,140,97,69,-1,-1
589,2026,852,111,93,63,-1,-1
590,2011,829,150,83,60,-1,-1
590,2023,999,142,98,70,-1,-1
590,2026,852,111,93,63,-1,-1
591,2011,829,150,83,60,-1,-1
591,2023,997,144,99,71,-1,-1
591,2026,852,111,93,63,-1,-1
592,2011,829,150,83,60,-1,-1
592,2023,996,146,99,72,-1,-1
592,2026,852,111,92,63,-1,-1
593,2011,829,150,83,60,-1,-1
593,2023,994,148,100,73,-1,-1
593,2026,853,111,92,63,-1,-1
594,2011,829,150,83,60,-1,-1
594,2023,993,150,101,74,-1,-1
594,2026,853,111,92,63,-1,-1
595,2011,829,150,83,60,-1,-1
595,2023,991,152,102,76,-1,-1
595,2026,853,111,92,63,-1,-1
596,2011,829,150,83,60,-1,-1
596,2023,989,154,103,77,-1,-1
596,2026,853,111,92,63,-1,-1
597,2011,829,150,83,60,-1,-1
597,2023,987,157,104,78,-1,-1
597,2026,854,111,91,63,-1,-1
598,2011,829,150,83,60,-1,-1
598,2023,985,159,105,79,-1,-1
598,2026,854,111,91,63,-1,-1
599,2011,829,150,83,60,-1,-1
599,2023,984,161,106,80,-1,-1
599,2026,854,111,91,63,-1,-1
600,2011,829,150,83,60,-1,-1
600,2023,982,164,107,81,-1,-1
600,2026,854,111,91,63,-1,-1
601,2011,829,150,83,60,-1,-1
601,2023,980,166,108,82,-1,-1
601,2026,855,111,91,63,-1,-1
602,2011,829,150,83,60,-1,-1
602,2023,978,169,109,82,-1,-1
602,2026,855,111,90,63,-1,-1
603,2011,829,150,83,60,-1,-1
603,2023,976,171,110,83,-1,-1
603,2026,855,111,90,63,-1,-1
604,2011,829,150,83,60,-1,-1
604,2023,974,174,111,84,-1,-1
604,2026,855,111,90,63,-1,-1
605,2011,829,150,83,60,-1,-1
605,2023,973,176,112,84,-1,-1
605,2026,856,111,90,63,-1,-1
606,2011,829,150,83,60,-1,-1
606,2023,971,179,112,85,-1,-1
606,2026,856,111,90,63,-1,-1
607,2011,829,150,83,60,-1,-1
607,2023,969,182,113,85,-1,-1
607,2026,856,111,89,63,-1,-1
608,2011,829,150,83,60,-1,-1
608,2023,967,184,114,86,-1,-1
608,2026,856,111,89,63,-1,-1
609,2011,829,150,83,60,-1,-1
609,2023,965,187,115,87,-1,-1
609,2026,857,111,89,63,-1,-1
610,2011,829,150,83,60,-1,-1
610,2023,964,190,116,88,-1,-1
610,2026,857,111,89,63,-1,-1
611,2011,829,151,83,60,-1,-1
611,2023,962,193,117,88,-1,-1
611,2026,857,111,89,63,-1,-1
612,2011,829,151,83,60,-1,-1
612,2023,960,196,117,89,-1,-1
612,2026,858,111,88,63,-1,-1
613,2011,829,151,83,60,-1,-1
613,2023,958,198,118,90,-1,-1
613,2026,858,111,88,63,-1,-1
614,2011,829,151,83,60,-1,-1
614,2023,956,201,119,91,-1,-1
614,2026,858,111,88,63,-1,-1
615,2011,829,151,83,60,-1,-1
615,2023,954,204,120,92,-1,-1
615,2026,858,111,88,63,-1,-1
616,2011,829,151,83,60,-1,-1
616,2023,952,208,120,93,-1,-1
616,2026,859,111,88,63,-1,-1
617,2011,829,151,83,60,-1,-1
617,2023,950,211,121,94,-1,-1
617,2026,859,111,88,63,-1,-1
618,2011,829,151,83,60,-1,-1
618,2023,949,214,122,95,-1,-1
618,2026,859,111,87,63,-1,-1
619,2011,829,151,83,60,-1,-1
619,2023,947,217,122,96,-1,-1
619,2026,859,111,87,63,-1,-1
620,2011,829,151,83,60,-1,-1
620,2023,945,220,123,97,-1,-1
621,2011,829,151,83,60,-1,-1
621,2023,943,224,123,98,-1,-1
622,2011,829,151,83,60,-1,-1
622,2023,941,227,124,99,-1,-1
623,2011,829,151,83,60,-1,-1
623,2023,939,231,124,100,-1,-1
624,2011,829,151,83,60,-1,-1
624,2023,937,234,124,101,-1,-1
625,2011,829,151,83,60,-1,-1
625,2023,935,238,125,102,-1,-1
626,2011,829,151,83,60,-1,-1
626,2023,933,242,125,103,-1,-1
627,2011,829,151,83,60,-1,-1
627,2023,931,246,125,104,-1,-1
628,2011,829,151,83,60,-1,-1
628,2023,929,250,126,105,-1,-1
629,2011,829,151,83,60,-1,-1
629,2023,927,254,126,106,-1,-1
630,2011,829,151,83,60,-1,-1
630,2023,925,258,126,107,-1,-1
631,2011,829,151,83,60,-1,-1
631,2023,922,262,127,108,-1,-1
632,2011,829,151,83,60,-1,-1
632,2023,920,266,127,109,-1,-1
633,2011,829,151,83,60,-1,-1
633,2023,918,271,128,110,-1,-1
634,2011,829,151,83,60,-1,-1
634,2023,916,276,128,111,-1,-1
635,2011,829,151,83,60,-1,-1
635,2023,913,280,129,112,-1,-1
636,2011,829,151,83,60,-1,-1
636,2023,911,285,130,113,-1,-1
637,2011,829,151,83,60,-1,-1
637,2023,908,290,130,115,-1,-1
638,2011,829,151,83,60,-1,-1
638,2023,906,295,131,116,-1,-1
639,2011,829,151,83,60,-1,-1
639,2023,903,300,132,117,-1,-1
640,2011,829,151,83,60,-1,-1
640,2023,900,306,134,118,-1,-1
641,2011,829,151,83,60,-1,-1
641,2023,897,311,135,119,-1,-1
642,2011,829,151,83,60,-1,-1
642,2023,894,317,137,121,-1,-1
643,2011,829,151,83,60,-1,-1
643,2023,890,323,138,122,-1,-1
644,2011,829,151,83,60,-1,-1
644,2023,886,329,140,123,-1,-1
645,2011,829,151,83,60,-1,-1
645,2023,882,335,142,125,-1,-1
646,2011,829,151,83,60,-1,-1
646,2023,878,341,145,126,-1,-1
647,2011,829,151,83,60,-1,-1
647,2023,874,347,147,127,-1,-1
648,2011,828,151,83,60,-1,-1
648,2023,869,354,149,128,-1,-1
649,2011,828,151,83,60,-1,-1
649,2023,864,360,152,129,-1,-1
650,2011,828,151,83,60,-1,-1
650,2023,860,367,155,131,-1,-1
651,2011,828,151,83,60,-1,-1
651,2023,855,374,157,132,-1,-1
652,2011,828,151,83,60,-1,-1
652,2023,850,380,160,133,-1,-1
653,2011,828,151,83,60,-1,-1
653,2023,845,387,163,135,-1,-1
654,2011,828,151,83,60,-1,-1
654,2023,840,395,165,137,-1,-1
655,2011,828,151,83,60,-1,-1
655,2023,835,402,168,138,-1,-1
656,2011,828,151,83,60,-1,-1
656,2023,830,409,171,140,-1,-1
657,2011,828,151,83,60,-1,-1
657,2023,826,417,173,142,-1,-1
658,2011,828,151,83,60,-1,-1
658,2023,821,424,175,145,-1,-1
659,2011,828,151,83,60,-1,-1
659,2023,817,432,178,147,-1,-1
660,2011,828,151,83,60,-1,-1
660,2023,813,440,180,149,-1,-1
661,2011,828,151,83,60,-1,-1
661,2023,809,447,182,151,-1,-1
662,2011,828,151,83,60,-1,-1
662,2023,805,455,184,153,-1,-1
663,2011,828,151,83,60,-1,-1
663,2023,801,464,186,155,-1,-1
664,2011,828,151,83,59,-1,-1
664,2023,797,472,188,157,-1,-1
665,2011,828,151,83,59,-1,-1
665,2023,794,480,190,159,-1,-1
666,2011,828,151,83,59,-1,-1
666,2023,790,489,193,161,-1,-1
667,2011,828,151,83,59,-1,-1
667,2023,787,497,195,164,-1,-1
668,2011,828,151,83,59,-1,-1
668,2023,783,506,197,166,-1,-1
669,2011,828,151,83,59,-1,-1
669,2023,779,515,200,168,-1,-1
670,2011,828,151,83,59,-1,-1
670,2023,776,524,202,170,-1,-1
671,2011,828,151,83,59,-1,-1
671,2023,772,533,205,173,-1,-1
672,2011,828,151,83,59,-1,-1
672,2023,768,542,208,176,-1,-1
673,2011,828,151,83,59,-1,-1
673,2023,764,552,211,178,-1,-1
674,2011,828,151,83,59,-1,-1
674,2023,759,562,214,181,-1,-1
675,2011,828,151,83,59,-1,-1
675,2023,755,571,218,184,-1,-1
676,2011,828,151,83,59,-1,-1
676,2023,750,581,221,187,-1,-1
677,2011,828,151,83,59,-1,-1
677,2023,745,592,225,190,-1,-1
678,2011,828,151,83,59,-1,-1
678,2023,739,602,229,193,-1,-1
679,2011,828,151,83,59,-1,-1
679,2023,733,613,234,196,-1,-1
680,2011,828,151,83,59,-1,-1
680,2023,727,624,238,199,-1,-1
681,2011,828,151,83,59,-1,-1
681,2023,720,635,243,203,-1,-1
682,2011,828,151,83,59,-1,-1
682,2023,713,647,248,207,-1,-1
683,2011,828,151,83,59,-1,-1
683,2023,705,658,253,211,-1,-1
684,2011,828,151,83,59,-1,-1
684,2023,697,671,258,215,-1,-1
685,2011,828,151,83,59,-1,-1
685,2023,689,683,264,219,-1,-1
686,2011,828,151,83,59,-1,-1
686,2023,679,696,270,223,-1,-1
687,2011,828,151,83,59,-1,-1
687,2023,670,709,276,227,-1,-1
688,2011,828,151,83,59,-1,-1
688,2023,659,723,282,231,-1,-1
689,2011,828,151,83,59,-1,-1
689,2023,648,737,289,234,-1,-1
690,2011,828,151,83,59,-1,-1
690,2023,637,752,296,236,-1,-1
691,2011,828,151,83,59,-1,-1
691,2023,624,767,303,238,-1,-1
692,2011,828,151,83,59,-1,-1
692,2023,612,782,310,237,-1,-1
693,2011,828,151,83,59,-1,-1
693,2023,599,798,317,235,-1,-1
694,2011,828,151,83,59,-1,-1
694,2023,585,814,324,231,-1,-1
695,2011,828,151,83,59,-1,-1
695,2023,571,831,331,225,-1,-1
696,2011,828,151,83,59,-1,-1
696,2023,557,849,338,216,-1,-1
697,2011,828,151,83,59,-1,-1
697,2023,543,866,344,205,-1,-1
698,2011,828,151,83,59,-1,-1
698,2023,529,885,350,192,-1,-1
699,2011,828,151,83,59,-1,-1
699,2023,515,903,356,176,-1,-1
700,2011,828,151,83,59,-1,-1
700,2023,502,923,361,159,-1,-1
701,2011,828,151,83,59,-1,-1
701,2023,488,942,365,140,-1,-1
702,2011,828,151,83,59,-1,-1
702,2023,475,962,369,119,-1,-1
703,2011,828,151,83,59,-1,-1
703,2023,462,982,372,97,-1,-1
704,2011,828,151,83,59,-1,-1
704,2023,449,1003,375,73,-1,-1
705,2011,828,151,83,59,-1,-1
706,2011,828,151,83,59,-1,-1
707,2011,828,151,83,59,-1,-1
708,2011,828,151,83,59,-1,-1
709,2011,828,151,83,59,-1,-1
710,2011,828,151,83,59,-1,-1
