1,2157,184,604,172,80,-1,-1
1,2159,440,521,39,32,-1,-1
1,2160,1154,284,69,44,-1,-1
2,2157,185,604,171,81,-1,-1
2,2159,439,521,41,33,-1,-1
2,2160,1154,284,69,44,-1,-1
3,2157,186,603,171,81,-1,-1
3,2159,439,522,43,34,-1,-1
3,2160,1154,284,69,44,-1,-1
4,2157,187,603,170,82,-1,-1
4,2159,438,522,45,34,-1,-1
4,2160,1154,284,69,44,-1,-1
5,2157,188,603,169,82,-1,-1
5,2159,438,522,46,35,-1,-1
5,2160,1154,284,69,44,-1,-1
6,2157,188,602,168,82,-1,-1
6,2159,438,521,48,36,-1,-1
6,2160,1154,284,69,44,-1,-1
7,2157,189,602,168,82,-1,-1
7,2159,438,521,50,38,-1,-1
7,2160,1154,284,69,44,-1,-1
8,2157,190,602,167,82,-1,-1
8,2159,438,521,51,39,-1,-1
8,2160,1154,284,69,44,-1,-1
9,2157,191,602,167,81,-1,-1
9,2159,439,520,53,40,-1,-1
9,2160,1154,284,69,44,-1,-1
10,2157,192,602,167,81,-1,-1
10,2159,440,520,54,41,-1,-1
10,2160,1154,284,69,44,-1,-1
11,2157,192,601,166,81,-1,-1
11,2159,442,519,56,42,-1,-1
11,2160,1154,284,69,44,-1,-1
12,2157,193,601,166,81,-1,-1
12,2159,444,519,57,43,-1,-1
12,2160,1154,284,69,44,-1,-1
13,2157,193,601,166,81,-1,-1
13,2159,446,518,58,44,-1,-1
13,2160,1154,284,69,44,-1,-1
14,2157,194,601,165,81,-1,-1
14,2159,448,518,58,45,-1,-1
14,2160,1154,284,69,44,-1,-1
15,2157,194,601,165,81,-1,-1
15,2159,450,518,59,46,-1,-1
15,2160,1154,284,69,44,-1,-1
16,2157,194,601,165,81,-1,-1
16,2159,451,518,59,46,-1,-1
16,2160,1154,284,69,44,-1,-1
17,2157,194,601,165,81,-1,-1
17,2159,453,518,59,47,-1,-1
17,2160,1154,284,69,44,-1,-1
18,2157,195,601,165,81,-1,-1
18,2159,455,518,60,47,-1,-1
18,2160,1154,284,69,44,-1,-1
19,2157,195,601,164,81,-1,-1
19,2159,457,519,60,47,-1,-1
19,2160,1154,284,69,44,-1,-1
20,2157,195,601,164,81,-1,-1
20,2159,459,519,60,48,-1,-1
20,2160,1154,284,69,44,-1,-1
21,2157,195,601,164,81,-1,-1
21,2114,1395,202,201,266,-1,-1
21,2159,462,520,60,48,-1,-1
21,2160,1154,284,69,44,-1,-1
22,2157,195,601,164,81,-1,-1
22,2114,1330,206,273,265,-1,-1
22,2159,465,520,61,48,-1,-1
22,2160,1154,284,69,44,-1,-1
23,2157,195,601,164,81,-1,-1
23,2114,1269,211,333,261,-1,-1
23,2159,469,520,61,49,-1,-1
23,2160,1154,284,69,44,-1,-1
24,2157,195,601,164,81,-1,-1
24,2114,1212,219,374,255,-1,-1
24,2159,473,521,61,50,-1,-1
24,2160,1154,284,69,44,-1,-1
25,2157,195,601,164,81,-1,-1
25,2114,1159,229,390,247,-1,-1
25,2159,477,521,61,51,-1,-1
25,2160,1154,284,69,44,-1,-1
26,2157,195,601,164,81,-1,-1
26,2114,1111,242,383,236,-1,-1
26,2159,481,521,62,52,-1,-1
26,2160,1154,284,69,44,-1,-1
27,2157,195,601,163,81,-1,-1
27,2114,1067,256,361,224,-1,-1
27,2159,485,521,63,54,-1,-1
27,2160,1154,284,69,44,-1,-1
28,2157,195,601,163,81,-1,-1
28,2114,1027,271,333,211,-1,-1
28,2159,489,520,64,55,-1,-1
28,2160,1154,284,69,44,-1,-1
29,2157,195,601,163,81,-1,-1
29,2114,990,287,306,198,-1,-1
29,2159,493,520,66,57,-1,-1
29,2160,1154,284,69,44,-1,-1
30,2157,195,601,163,81,-1,-1
30,2114,957,301,282,185,-1,-1
30,2159,497,520,69,58,-1,-1
30,2160,1154,284,69,44,-1,-1
31,2157,195,601,163,81,-1,-1
31,2114,926,315,261,174,-1,-1
31,2159,501,519,72,60,-1,-1
31,2160,1154,284,69,44,-1,-1
31,2101,464,527,37,24,-1,-1
32,2157,195,601,164,81,-1,-1
32,2114,898,328,244,163,-1,-1
32,2159,504,519,76,62,-1,-1
32,2160,1154,284,69,44,-1,-1
32,2101,464,527,39,27,-1,-1
33,2157,195,601,164,81,-1,-1
33,2114,872,339,229,154,-1,-1
33,2159,508,519,80,64,-1,-1
33,2160,1154,284,69,44,-1,-1
33,2101,463,527,40,30,-1,-1
34,2157,195,601,164,81,-1,-1
34,2114,849,349,217,146,-1,-1
34,2159,512,518,84,67,-1,-1
34,2160,1154,284,69,44,-1,-1
34,2101,462,527,41,32,-1,-1
35,2157,195,601,164,81,-1,-1
35,2114,827,358,205,139,-1,-1
35,2159,516,518,88,69,-1,-1
35,2160,1154,284,69,44,-1,-1
35,2101,461,527,42,34,-1,-1
36,2157,195,601,164,81,-1,-1
36,2114,807,366,195,133,-1,-1
36,2159,520,518,92,72,-1,-1
36,2160,1154,284,69,44,-1,-1
36,2101,460,527,43,36,-1,-1
37,2157,195,601,164,81,-1,-1
37,2114,789,374,184,127,-1,-1
37,2159,525,518,96,75,-1,-1
37,2160,1154,284,69,44,-1,-1
37,2101,460,527,44,38,-1,-1
38,2157,195,602,164,81,-1,-1
38,2114,772,380,173,122,-1,-1
38,2159,531,518,100,78,-1,-1
38,2160,1154,284,69,44,-1,-1
38,2101,461,527,45,39,-1,-1
39,2157,196,602,163,81,-1,-1
39,2114,757,386,162,118,-1,-1
39,2159,536,518,104,82,-1,-1
39,2160,1154,284,69,44,-1,-1
39,2101,463,527,47,40,-1,-1
40,2157,196,602,163,81,-1,-1
40,2114,742,392,153,114,-1,-1
40,2159,543,518,108,86,-1,-1
40,2160,1154,284,69,44,-1,-1
40,2101,466,527,49,41,-1,-1
41,2157,196,602,163,81,-1,-1
41,2114,728,397,145,110,-1,-1
41,2159,549,519,112,91,-1,-1
41,2160,1154,284,69,44,-1,-1
41,2101,469,527,49,42,-1,-1
42,2157,196,602,163,81,-1,-1
42,2114,715,401,138,107,-1,-1
42,2159,557,519,116,95,-1,-1
42,2160,1154,284,69,44,-1,-1
42,2101,472,527,48,43,-1,-1
42,2162,1521,158,69,51,-1,-1
43,2157,196,601,163,81,-1,-1
43,2114,703,405,132,104,-1,-1
43,2159,564,520,122,100,-1,-1
43,2160,1154,284,69,44,-1,-1
43,2101,476,527,47,44,-1,-1
43,2162,1521,158,69,51,-1,-1
44,2157,196,601,164,81,-1,-1
44,2114,691,409,127,102,-1,-1
44,2159,572,520,127,105,-1,-1
44,2160,1154,284,69,44,-1,-1
44,2101,479,527,47,45,-1,-1
44,2162,1521,158,69,51,-1,-1
45,2157,196,601,164,81,-1,-1
45,2114,679,412,122,100,-1,-1
45,2159,581,521,134,111,-1,-1
45,2160,1154,284,69,44,-1,-1
45,2101,482,527,48,46,-1,-1
45,2162,1521,158,69,51,-1,-1
46,2157,195,601,165,81,-1,-1
46,2114,668,414,117,98,-1,-1
46,2159,590,521,141,116,-1,-1
46,2160,1154,284,69,44,-1,-1
46,2101,485,527,51,47,-1,-1
46,2162,1521,158,69,51,-1,-1
47,2157,195,601,166,82,-1,-1
47,2114,658,417,112,96,-1,-1
47,2159,599,522,150,122,-1,-1
47,2160,1154,284,69,44,-1,-1
47,2101,487,527,54,48,-1,-1
47,2162,1522,158,69,51,-1,-1
48,2157,194,600,168,82,-1,-1
48,2114,648,420,107,94,-1,-1
48,2159,609,523,160,128,-1,-1
48,2160,1154,284,69,44,-1,-1
48,2101,491,527,56,49,-1,-1
48,2162,1522,158,69,51,-1,-1
49,2157,193,600,170,82,-1,-1
49,2114,639,422,103,92,-1,-1
49,2159,620,524,171,135,-1,-1
49,2160,1154,284,69,44,-1,-1
49,2101,494,526,58,50,-1,-1
49,2162,1522,158,69,51,-1,-1
50,2157,193,600,172,83,-1,-1
50,2114,631,425,99,90,-1,-1
50,2159,631,525,183,142,-1,-1
50,2160,1154,284,69,44,-1,-1
50,2101,498,526,61,51,-1,-1
50,2162,1522,158,69,51,-1,-1
51,2157,193,599,174,83,-1,-1
51,2114,624,428,96,87,-1,-1
51,2159,643,526,197,150,-1,-1
51,2160,1154,284,69,44,-1,-1
51,2101,502,526,64,53,-1,-1
51,2162,1522,158,69,51,-1,-1
52,2157,193,598,176,83,-1,-1
52,2114,617,432,92,84,-1,-1
52,2159,657,528,211,159,-1,-1
52,2160,1154,284,69,44,-1,-1
52,2101,507,526,67,55,-1,-1
52,2164,1053,325,67,36,-1,-1
53,2157,194,597,177,84,-1,-1
53,2114,610,435,89,82,-1,-1
53,2159,674,530,227,170,-1,-1
53,2160,1154,284,69,44,-1,-1
53,2101,512,526,71,57,-1,-1
53,2164,1053,325,67,36,-1,-1
54,2157,196,596,179,84,-1,-1
54,2114,604,438,85,79,-1,-1
54,2159,692,533,245,183,-1,-1
54,2160,1154,284,69,44,-1,-1
54,2101,516,525,75,60,-1,-1
54,2164,1053,325,67,36,-1,-1
55,2157,198,595,180,85,-1,-1
55,2114,598,441,82,77,-1,-1
55,2159,714,536,266,199,-1,-1
55,2160,1154,284,69,44,-1,-1
55,2101,522,525,80,62,-1,-1
55,2164,1053,325,67,36,-1,-1
56,2157,201,594,182,85,-1,-1
56,2114,593,443,79,75,-1,-1
56,2159,740,539,293,219,-1,-1
56,2160,1154,284,69,44,-1,-1
56,2101,528,525,84,65,-1,-1
56,2164,1053,325,67,36,-1,-1
57,2157,205,593,183,86,-1,-1
57,2114,587,446,76,73,-1,-1
57,2159,770,543,328,243,-1,-1
57,2160,1154,284,69,44,-1,-1
57,2101,536,525,87,68,-1,-1
57,2164,1053,325,67,36,-1,-1
58,2157,209,591,184,87,-1,-1
58,2114,582,448,74,72,-1,-1
58,2159,804,546,372,271,-1,-1
58,2160,1154,284,69,44,-1,-1
58,2101,544,525,91,72,-1,-1
58,2164,1053,325,67,36,-1,-1
59,2157,215,590,185,88,-1,-1
59,2114,576,450,72,70,-1,-1
59,2159,841,550,426,304,-1,-1
59,2160,1154,284,69,44,-1,-1
59,2101,553,526,96,75,-1,-1
59,2164,1053,325,67,36,-1,-1
60,2157,222,588,186,90,-1,-1
60,2114,571,451,71,69,-1,-1
60,2159,882,554,492,341,-1,-1
60,2160,1154,284,69,44,-1,-1
60,2101,564,526,100,78,-1,-1
60,2164,1053,325,67,36,-1,-1
61,2157,229,586,186,91,-1,-1
61,2114,566,453,69,68,-1,-1
61,2159,926,557,570,383,-1,-1
61,2160,1154,284,69,44,-1,-1
61,2101,575,526,105,82,-1,-1
61,2164,1053,325,67,36,-1,-1
62,2157,237,584,185,93,-1,-1
62,2114,561,454,67,67,-1,-1
62,2160,1154,284,69,44,-1,-1
62,2101,586,526,111,85,-1,-1
62,2164,1053,325,67,36,-1,-1
63,2157,246,582,184,95,-1,-1
63,2114,557,456,65,66,-1,-1
63,2160,1154,284,69,44,-1,-1
63,2101,598,525,121,89,-1,-1
63,2164,1053,325,67,36,-1,-1
64,2157,255,580,183,97,-1,-1
64,2114,553,457,63,66,-1,-1
64,2160,1154,284,69,44,-1,-1
64,2101,611,525,132,93,-1,-1
64,2164,1053,325,67,36,-1,-1
65,2157,265,577,181,98,-1,-1
65,2114,549,459,62,65,-1,-1
65,2160,1154,284,69,44,-1,-1
65,2101,625,525,144,97,-1,-1
65,2164,1053,325,67,36,-1,-1
66,2157,275,575,179,100,-1,-1
66,2114,545,460,61,64,-1,-1
66,2160,1154,284,70,44,-1,-1
66,2101,640,524,155,102,-1,-1
66,2164,1053,325,67,36,-1,-1
67,2157,286,572,176,101,-1,-1
67,2114,542,462,60,62,-1,-1
67,2160,1154,284,70,44,-1,-1
67,2101,658,524,167,108,-1,-1
67,2164,1053,325,67,36,-1,-1
68,2157,297,569,175,103,-1,-1
68,2114,539,464,58,61,-1,-1
68,2160,1154,284,70,44,-1,-1
68,2101,679,523,180,114,-1,-1
68,2164,1053,325,67,36,-1,-1
69,2157,308,566,174,104,-1,-1
69,2114,536,465,56,60,-1,-1
69,2160,1154,284,70,44,-1,-1
69,2101,703,522,196,122,-1,-1
69,2164,1053,325,67,36,-1,-1
70,2157,320,563,174,105,-1,-1
70,2114,533,467,54,59,-1,-1
70,2160,1154,284,70,44,-1,-1
70,2101,730,521,213,131,-1,-1
70,2164,1053,325,67,36,-1,-1
71,2157,332,560,174,106,-1,-1
71,2114,529,468,52,58,-1,-1
71,2160,1154,284,70,44,-1,-1
71,2101,761,519,234,141,-1,-1
71,2164,1053,325,67,36,-1,-1
72,2157,344,557,176,107,-1,-1
72,2114,526,470,50,56,-1,-1
72,2160,1154,284,70,44,-1,-1
72,2101,795,518,260,152,-1,-1
72,2164,1053,325,67,36,-1,-1
73,2157,356,553,178,109,-1,-1
73,2114,523,471,49,55,-1,-1
73,2160,1154,284,70,44,-1,-1
73,2101,833,517,293,165,-1,-1
73,2164,1053,325,67,36,-1,-1
74,2157,368,550,180,110,-1,-1
74,2114,520,472,48,54,-1,-1
74,2160,1154,284,70,44,-1,-1
74,2101,877,515,340,180,-1,-1
74,2164,1053,325,67,36,-1,-1
75,2157,380,546,182,112,-1,-1
75,2114,517,474,48,53,-1,-1
75,2160,1154,284,70,44,-1,-1
75,2101,928,514,401,195,-1,-1
75,2164,1053,325,67,36,-1,-1
76,2157,393,542,184,113,-1,-1
76,2114,514,475,47,51,-1,-1
76,2160,1154,284,70,44,-1,-1
76,2101,991,513,462,211,-1,-1
76,2164,1053,325,67,36,-1,-1
77,2157,404,538,187,115,-1,-1
77,2114,511,477,47,50,-1,-1
77,2160,1154,284,70,44,-1,-1
77,2101,1069,512,483,227,-1,-1
77,2164,1053,325,67,36,-1,-1
78,2157,416,534,190,117,-1,-1
78,2114,508,480,47,48,-1,-1
78,2160,1154,284,70,44,-1,-1
78,2101,1164,511,433,244,-1,-1
78,2164,1053,325,67,36,-1,-1
79,2157,428,530,194,120,-1,-1
79,2114,505,482,46,45,-1,-1
79,2160,1154,284,70,44,-1,-1
79,2101,1277,510,325,259,-1,-1
79,2164,1053,325,67,36,-1,-1
80,2157,440,526,198,123,-1,-1
80,2160,1154,284,70,44,-1,-1
80,2101,1406,510,186,274,-1,-1
80,2164,1053,325,67,36,-1,-1
81,2157,452,522,202,126,-1,-1
81,2160,1154,284,70,44,-1,-1
81,2164,1053,325,67,36,-1,-1
82,2157,463,517,206,129,-1,-1
82,2160,1154,284,70,44,-1,-1
82,2164,1053,325,67,36,-1,-1
83,2157,475,513,210,133,-1,-1
83,2160,1154,284,70,44,-1,-1
83,2164,1053,325,67,36,-1,-1
84,2157,488,508,215,137,-1,-1
84,2160,1154,284,70,44,-1,-1
84,2164,1053,325,67,36,-1,-1
85,2157,501,503,220,142,-1,-1
85,2160,1154,284,70,44,-1,-1
85,2164,1053,325,67,36,-1,-1
86,2157,514,498,225,147,-1,-1
86,2160,1154,284,70,44,-1,-1
86,2164,1053,325,67,36,-1,-1
87,2157,528,493,232,153,-1,-1
87,2160,1154,284,70,44,-1,-1
87,2099,425,528,30,26,-1,-1
87,2164,1053,325,67,36,-1,-1
88,2157,543,488,240,160,-1,-1
88,2160,1154,284,70,44,-1,-1
88,2099,424,527,33,27,-1,-1
88,2164,1053,325,67,36,-1,-1
89,2157,559,483,248,167,-1,-1
89,2160,1154,284,70,44,-1,-1
89,2099,424,527,36,29,-1,-1
89,2164,1053,325,67,36,-1,-1
90,2157,575,478,258,175,-1,-1
90,2160,1154,284,70,44,-1,-1
90,2099,423,526,38,30,-1,-1
90,2164,1053,325,67,36,-1,-1
91,2157,593,472,268,184,-1,-1
91,2160,1154,284,70,44,-1,-1
91,2099,423,525,40,31,-1,-1
91,2164,1053,325,67,36,-1,-1
92,2157,612,466,280,195,-1,-1
92,2160,1154,284,70,44,-1,-1
92,2099,423,525,42,32,-1,-1
92,2164,1053,325,67,36,-1,-1
93,2157,633,460,294,206,-1,-1
93,2160,1154,284,70,44,-1,-1
93,2099,423,524,42,32,-1,-1
93,2164,1053,325,67,36,-1,-1
94,2157,655,454,311,219,-1,-1
94,2160,1154,284,70,44,-1,-1
94,2099,424,523,43,33,-1,-1
94,2164,1053,325,67,36,-1,-1
95,2157,680,448,332,233,-1,-1
95,2160,1154,284,70,44,-1,-1
95,2099,425,523,43,33,-1,-1
95,2164,1053,325,67,36,-1,-1
96,2157,708,442,358,248,-1,-1
96,2160,1154,284,70,44,-1,-1
96,2099,427,522,42,34,-1,-1
96,2164,1053,325,67,36,-1,-1
97,2157,738,435,389,264,-1,-1
97,2160,1154,284,70,44,-1,-1
97,2099,429,521,42,35,-1,-1
97,2164,1053,325,67,36,-1,-1
98,2157,771,429,426,282,-1,-1
98,2160,1154,284,70,44,-1,-1
98,2099,430,520,42,35,-1,-1
98,2164,1053,325,67,36,-1,-1
99,2157,807,422,469,300,-1,-1
99,2160,1154,284,70,44,-1,-1
99,2099,432,520,43,36,-1,-1
99,2164,1053,325,67,36,-1,-1
100,2157,846,415,514,320,-1,-1
100,2160,1154,284,70,44,-1,-1
100,2099,434,519,43,37,-1,-1
100,2164,1053,325,67,36,-1,-1
101,2157,887,408,561,340,-1,-1
101,2160,1154,284,70,44,-1,-1
101,2099,436,519,43,37,-1,-1
101,2164,1053,325,67,36,-1,-1
102,2157,931,401,607,362,-1,-1
102,2160,1154,284,70,44,-1,-1
102,2099,438,518,44,38,-1,-1
102,2164,1053,325,67,36,-1,-1
103,2157,977,394,650,384,-1,-1
103,2160,1154,284,70,44,-1,-1
103,2099,439,518,44,39,-1,-1
103,2164,1053,325,67,36,-1,-1
103,2165,915,403,158,95,-1,-1
104,2160,1154,284,70,44,-1,-1
104,2099,440,517,44,40,-1,-1
104,2164,1053,325,67,36,-1,-1
104,2165,894,406,153,93,-1,-1
105,2160,1154,284,70,44,-1,-1
105,2099,442,517,44,41,-1,-1
105,2164,1053,325,67,36,-1,-1
105,2165,874,409,148,91,-1,-1
106,2160,1154,284,70,44,-1,-1
106,2099,443,516,44,42,-1,-1
106,2164,1053,325,67,36,-1,-1
106,2165,854,412,143,88,-1,-1
107,2160,1154,284,70,44,-1,-1
107,2099,444,516,45,43,-1,-1
107,2164,1053,325,67,36,-1,-1
107,2165,835,415,137,86,-1,-1
108,2160,1154,284,71,44,-1,-1
108,2099,445,516,46,43,-1,-1
108,2164,1053,325,67,36,-1,-1
108,2165,817,418,132,83,-1,-1
109,2160,1154,284,71,44,-1,-1
109,2099,446,516,46,44,-1,-1
109,2164,1053,325,67,36,-1,-1
109,2165,800,421,126,81,-1,-1
110,2160,1154,284,71,44,-1,-1
110,2099,447,516,47,44,-1,-1
110,2164,1053,325,67,36,-1,-1
110,2165,783,424,121,78,-1,-1
111,2160,1154,284,71,44,-1,-1
111,2099,448,516,47,45,-1,-1
111,2164,1053,325,67,36,-1,-1
111,2165,768,428,115,76,-1,-1
112,2160,1154,284,71,44,-1,-1
112,2099,450,516,48,45,-1,-1
112,2164,1053,325,67,36,-1,-1
112,2165,754,431,110,73,-1,-1
113,2160,1154,284,71,44,-1,-1
113,2099,451,516,48,46,-1,-1
113,2164,1053,325,67,36,-1,-1
113,2165,740,434,104,71,-1,-1
114,2160,1154,284,71,44,-1,-1
114,2099,452,516,49,46,-1,-1
114,2164,1053,325,67,36,-1,-1
114,2165,728,437,99,68,-1,-1
115,2160,1154,284,71,44,-1,-1
115,2099,453,516,50,47,-1,-1
115,2164,1053,325,67,36,-1,-1
115,2165,716,440,95,66,-1,-1
116,2160,1154,284,71,44,-1,-1
116,2099,454,517,51,48,-1,-1
116,2164,1053,325,67,36,-1,-1
116,2165,705,443,90,64,-1,-1
117,2160,1154,284,71,44,-1,-1
117,2099,455,517,53,48,-1,-1
117,2164,1053,325,67,36,-1,-1
117,2165,695,446,86,62,-1,-1
118,2160,1154,284,71,44,-1,-1
118,2099,456,517,55,49,-1,-1
118,2164,1053,325,67,36,-1,-1
118,2165,685,449,83,60,-1,-1
119,2160,1154,284,71,44,-1,-1
119,2099,457,517,56,49,-1,-1
119,2164,1053,325,67,36,-1,-1
119,2165,676,451,79,58,-1,-1
120,2160,1154,284,71,44,-1,-1
120,2099,458,518,57,49,-1,-1
120,2164,1053,325,67,36,-1,-1
120,2165,667,453,77,56,-1,-1
121,2160,1154,284,71,44,-1,-1
121,2099,460,518,58,50,-1,-1
121,2164,1053,325,67,36,-1,-1
121,2165,659,456,74,55,-1,-1
122,2160,1154,284,71,44,-1,-1
122,2099,462,518,58,50,-1,-1
122,2164,1053,325,67,36,-1,-1
122,2165,651,458,72,53,-1,-1
123,2160,1154,284,71,44,-1,-1
123,2099,464,518,58,51,-1,-1
123,2164,1053,325,67,36,-1,-1
123,2165,644,460,69,52,-1,-1
124,2160,1154,284,71,44,-1,-1
124,2099,467,518,58,52,-1,-1
124,2164,1053,325,67,36,-1,-1
124,2165,637,462,67,51,-1,-1
125,2160,1154,284,71,44,-1,-1
125,2099,471,518,58,53,-1,-1
125,2164,1053,325,67,36,-1,-1
125,2165,630,463,66,49,-1,-1
126,2160,1154,284,71,44,-1,-1
126,2099,474,518,58,54,-1,-1
126,2164,1053,325,67,36,-1,-1
126,2165,623,465,64,48,-1,-1
127,2160,1154,284,71,44,-1,-1
127,2099,477,519,59,56,-1,-1
127,2164,1053,325,67,36,-1,-1
127,2165,617,467,62,47,-1,-1
128,2160,1154,284,71,44,-1,-1
128,2099,480,519,60,57,-1,-1
128,2164,1053,325,67,36,-1,-1
128,2165,611,468,61,47,-1,-1
129,2160,1154,284,71,44,-1,-1
129,2099,483,519,62,59,-1,-1
129,2164,1053,325,67,36,-1,-1
129,2165,605,470,59,46,-1,-1
130,2160,1154,284,71,44,-1,-1
130,2099,485,519,64,60,-1,-1
130,2164,1053,325,67,36,-1,-1
130,2165,599,471,58,45,-1,-1
131,2160,1154,284,71,44,-1,-1
131,2099,487,519,66,61,-1,-1
131,2164,1053,325,67,36,-1,-1
131,2165,594,473,56,44,-1,-1
132,2160,1154,284,71,44,-1,-1
132,2099,490,519,68,63,-1,-1
132,2164,1053,325,67,36,-1,-1
132,2165,589,474,55,43,-1,-1
133,2160,1154,284,71,44,-1,-1
133,2099,492,519,70,64,-1,-1
133,2164,1053,325,67,36,-1,-1
133,2165,584,475,54,43,-1,-1
134,2160,1154,284,71,44,-1,-1
134,2099,494,520,72,65,-1,-1
134,2164,1053,325,67,36,-1,-1
134,2165,579,477,52,42,-1,-1
135,2160,1154,284,71,44,-1,-1
135,2099,497,520,75,67,-1,-1
135,2164,1053,325,67,36,-1,-1
135,2165,575,478,51,41,-1,-1
136,2160,1154,284,71,44,-1,-1
136,2099,500,520,77,68,-1,-1
136,2164,1053,325,67,36,-1,-1
136,2165,570,479,50,40,-1,-1
137,2160,1154,284,71,44,-1,-1
137,2099,503,521,80,70,-1,-1
137,2164,1053,325,67,36,-1,-1
137,2165,566,480,49,40,-1,-1
138,2160,1154,284,71,44,-1,-1
138,2099,507,522,83,73,-1,-1
138,2164,1053,325,67,36,-1,-1
138,2165,562,481,48,39,-1,-1
139,2160,1154,284,71,44,-1,-1
139,2099,510,522,86,75,-1,-1
139,2164,1053,325,67,36,-1,-1
139,2165,558,483,47,39,-1,-1
140,2160,1154,284,71,44,-1,-1
140,2099,514,523,89,78,-1,-1
140,2164,1053,325,67,36,-1,-1
140,2165,554,484,46,38,-1,-1
141,2160,1154,284,71,44,-1,-1
141,2099,518,524,92,81,-1,-1
141,2164,1053,325,67,36,-1,-1
141,2165,550,485,45,38,-1,-1
142,2160,1154,284,71,44,-1,-1
142,2099,523,525,95,85,-1,-1
142,2164,1053,325,67,36,-1,-1
142,2165,546,486,44,37,-1,-1
143,2160,1154,284,71,44,-1,-1
143,2099,528,526,98,88,-1,-1
143,2164,1053,325,67,36,-1,-1
143,2165,543,487,43,37,-1,-1
144,2160,1153,284,71,44,-1,-1
144,2099,533,527,102,92,-1,-1
144,2164,1053,325,67,36,-1,-1
144,2165,540,488,42,36,-1,-1
145,2160,1153,284,71,44,-1,-1
145,2099,538,529,106,96,-1,-1
145,2164,1053,325,67,36,-1,-1
145,2165,536,489,42,36,-1,-1
146,2160,1153,284,71,44,-1,-1
146,2099,544,530,111,100,-1,-1
146,2164,1053,325,67,36,-1,-1
146,2165,533,490,41,35,-1,-1
147,2160,1153,284,72,44,-1,-1
147,2099,549,532,117,104,-1,-1
147,2164,1053,325,67,36,-1,-1
147,2165,530,491,40,35,-1,-1
148,2160,1153,284,72,44,-1,-1
148,2099,556,533,123,109,-1,-1
148,2164,1053,325,67,36,-1,-1
148,2165,527,492,39,34,-1,-1
149,2160,1153,284,72,44,-1,-1
149,2099,562,535,131,114,-1,-1
149,2164,1053,325,67,36,-1,-1
149,2165,524,493,38,34,-1,-1
150,2160,1153,284,72,44,-1,-1
150,2099,569,538,140,120,-1,-1
150,2164,1053,325,67,36,-1,-1
150,2165,521,494,37,34,-1,-1
151,2160,1153,284,72,44,-1,-1
151,2099,576,540,150,126,-1,-1
151,2164,1053,325,67,36,-1,-1
151,2165,518,495,36,33,-1,-1
152,2160,1153,284,72,44,-1,-1
152,2099,584,543,161,132,-1,-1
152,2164,1053,325,67,36,-1,-1
152,2165,516,496,35,33,-1,-1
153,2160,1153,284,72,44,-1,-1
153,2099,593,545,172,139,-1,-1
153,2164,1053,325,67,36,-1,-1
153,2165,513,497,34,32,-1,-1
154,2160,1153,284,72,44,-1,-1
154,2099,602,548,186,147,-1,-1
154,2164,1053,325,67,36,-1,-1
154,2165,511,498,33,32,-1,-1
155,2160,1153,284,72,44,-1,-1
155,2099,613,551,200,155,-1,-1
155,2164,1053,325,67,36,-1,-1
155,2165,508,499,32,32,-1,-1
156,2160,1153,284,72,44,-1,-1
156,2099,626,555,216,165,-1,-1
156,2164,1053,325,67,36,-1,-1
156,2165,506,500,31,31,-1,-1
157,2160,1153,284,72,44,-1,-1
157,2099,640,558,235,178,-1,-1
157,2164,1053,325,67,36,-1,-1
157,2165,504,501,30,31,-1,-1
158,2160,1153,284,72,44,-1,-1
158,2099,658,562,257,192,-1,-1
158,2164,1053,325,67,37,-1,-1
158,2165,503,502,29,30,-1,-1
159,2160,1153,284,72,44,-1,-1
159,2099,680,566,283,210,-1,-1
159,2164,1053,325,67,37,-1,-1
159,2165,501,503,28,30,-1,-1
160,2160,1153,284,72,44,-1,-1
160,2099,706,569,316,233,-1,-1
160,2164,1053,325,67,37,-1,-1
160,2165,499,504,27,29,-1,-1
161,2160,1153,284,72,44,-1,-1
161,2099,736,573,356,260,-1,-1
161,2164,1053,325,67,37,-1,-1
161,2165,498,506,26,29,-1,-1
162,2160,1153,284,72,44,-1,-1
162,2099,770,577,407,293,-1,-1
162,2164,1053,325,67,37,-1,-1
162,2165,496,507,26,28,-1,-1
163,2160,1153,284,72,44,-1,-1
163,2099,809,581,468,331,-1,-1
163,2164,1053,325,67,37,-1,-1
164,2160,1153,284,72,44,-1,-1
164,2099,851,585,541,374,-1,-1
164,2164,1053,325,67,37,-1,-1
165,2160,1153,284,72,44,-1,-1
165,2099,897,589,624,421,-1,-1
165,2164,1053,325,67,37,-1,-1
166,2160,1153,284,72,44,-1,-1
166,2164,1053,325,67,37,-1,-1
167,2160,1153,284,72,44,-1,-1
167,2164,1053,325,67,37,-1,-1
168,2160,1153,284,72,44,-1,-1
168,2164,1053,325,67,37,-1,-1
169,2160,1153,284,72,44,-1,-1
169,2164,1053,325,67,37,-1,-1
170,2160,1153,284,72,44,-1,-1
170,2164,1053,325,67,37,-1,-1
171,2160,1153,284,72,44,-1,-1
171,2164,1053,325,67,37,-1,-1
172,2160,1153,284,72,44,-1,-1
172,2164,1053,325,67,37,-1,-1
173,2160,1153,284,72,44,-1,-1
173,2164,1053,325,67,37,-1,-1
174,2160,1153,284,72,44,-1,-1
174,2164,1053,325,67,37,-1,-1
175,2160,1153,284,72,44,-1,-1
175,2164,1053,325,67,37,-1,-1
176,2160,1153,284,72,44,-1,-1
176,2164,1053,325,67,37,-1,-1
177,2160,1153,284,72,44,-1,-1
177,2164,1053,325,67,37,-1,-1
178,2160,1153,284,72,44,-1,-1
178,2164,1053,325,67,37,-1,-1
179,2160,1153,284,72,44,-1,-1
179,2164,1053,325,67,37,-1,-1
180,2160,1153,284,72,44,-1,-1
180,2164,1053,325,67,37,-1,-1
181,2160,1153,284,72,44,-1,-1
181,2164,1053,325,67,37,-1,-1
182,2160,1153,284,72,44,-1,-1
182,2164,1053,325,67,37,-1,-1
183,2160,1153,284,72,44,-1,-1
183,2164,1053,325,67,37,-1,-1
184,2160,1153,284,72,44,-1,-1
184,2164,1053,325,67,37,-1,-1
185,2160,1153,284,72,44,-1,-1
185,2164,1053,325,67,37,-1,-1
186,2160,1153,284,72,44,-1,-1
186,2164,1053,325,67,37,-1,-1
187,2160,1153,284,72,44,-1,-1
187,2164,1053,325,67,37,-1,-1
187,2166,1254,349,330,121,-1,-1
188,2160,1153,284,72,44,-1,-1
188,2164,1053,325,67,37,-1,-1
188,2166,1206,357,297,115,-1,-1
189,2160,1153,284,72,44,-1,-1
189,2164,1053,325,67,37,-1,-1
189,2166,1161,365,267,109,-1,-1
190,2160,1153,284,72,44,-1,-1
190,2164,1053,325,67,37,-1,-1
190,2166,1117,373,241,104,-1,-1
191,2160,1153,284,72,44,-1,-1
191,2164,1053,325,67,37,-1,-1
191,2166,1076,380,220,98,-1,-1
192,2160,1153,284,72,44,-1,-1
192,2164,1053,325,67,37,-1,-1
192,2166,1038,387,201,93,-1,-1
193,2160,1153,284,72,44,-1,-1
193,2164,1053,325,67,37,-1,-1
193,2166,1003,394,186,88,-1,-1
194,2160,1153,284,72,44,-1,-1
194,2164,1053,325,67,37,-1,-1
194,2166,970,401,173,84,-1,-1
195,2160,1153,284,73,44,-1,-1
195,2164,1053,325,67,37,-1,-1
195,2166,939,407,161,80,-1,-1
196,2160,1153,284,73,44,-1,-1
196,2164,1053,325,67,37,-1,-1
196,2166,911,413,152,76,-1,-1
197,2160,1153,284,73,44,-1,-1
197,2164,1053,325,67,37,-1,-1
197,2166,885,418,143,73,-1,-1
198,2160,1153,284,73,44,-1,-1
198,2164,1053,325,67,37,-1,-1
198,2166,861,423,135,70,-1,-1
199,2160,1153,284,73,44,-1,-1
199,2164,1053,325,67,37,-1,-1
199,2166,839,428,127,68,-1,-1
200,2160,1153,284,73,44,-1,-1
200,2164,1053,325,67,37,-1,-1
200,2166,819,432,120,66,-1,-1
201,2160,1153,284,73,44,-1,-1
201,2164,1053,325,67,37,-1,-1
201,2166,801,436,113,63,-1,-1
202,2160,1153,284,73,44,-1,-1
202,2164,1053,325,67,37,-1,-1
202,2166,783,440,107,61,-1,-1
203,2160,1153,284,73,44,-1,-1
203,2164,1053,325,67,37,-1,-1
203,2166,767,443,102,60,-1,-1
204,2160,1153,284,73,44,-1,-1
204,2164,1053,325,67,37,-1,-1
204,2166,753,447,97,58,-1,-1
205,2160,1153,284,73,44,-1,-1
205,2164,1053,325,67,37,-1,-1
205,2166,739,450,92,56,-1,-1
206,2160,1153,284,73,44,-1,-1
206,2164,1053,325,67,37,-1,-1
206,2166,726,453,88,54,-1,-1
207,2160,1153,284,73,44,-1,-1
207,2164,1053,325,67,37,-1,-1
207,2166,713,456,85,53,-1,-1
208,2160,1153,284,73,44,-1,-1
208,2164,1053,325,67,37,-1,-1
208,2166,702,459,81,51,-1,-1
209,2160,1153,284,73,44,-1,-1
209,2164,1053,325,67,37,-1,-1
209,2166,691,461,78,50,-1,-1
210,2160,1153,284,73,44,-1,-1
210,2164,1053,325,67,37,-1,-1
210,2166,680,464,75,48,-1,-1
211,2160,1153,284,73,44,-1,-1
211,2164,1053,325,67,37,-1,-1
211,2166,670,466,72,47,-1,-1
211,1809,424,530,33,23,-1,-1
212,2160,1153,284,73,44,-1,-1
212,2164,1053,325,67,37,-1,-1
212,2166,661,468,69,46,-1,-1
212,1809,424,530,35,25,-1,-1
213,2160,1153,284,73,44,-1,-1
213,2164,1053,325,67,37,-1,-1
213,2166,652,470,66,45,-1,-1
213,1809,424,529,34,26,-1,-1
214,2160,1153,284,73,44,-1,-1
214,2164,1053,325,67,37,-1,-1
214,2166,644,472,64,43,-1,-1
214,1809,424,529,35,26,-1,-1
215,2160,1153,284,73,44,-1,-1
215,2164,1053,325,67,37,-1,-1
215,2166,636,473,61,42,-1,-1
215,1809,423,529,36,27,-1,-1
216,2160,1153,284,73,44,-1,-1
216,2164,1053,325,67,37,-1,-1
216,2166,628,475,59,42,-1,-1
216,1809,423,528,38,28,-1,-1
217,2160,1153,284,73,44,-1,-1
217,2164,1053,325,67,37,-1,-1
217,2166,621,476,57,41,-1,-1
217,1809,422,528,39,28,-1,-1
218,2160,1153,284,73,44,-1,-1
218,2164,1053,325,67,37,-1,-1
218,2166,615,478,55,40,-1,-1
218,1809,422,527,41,29,-1,-1
219,2160,1153,284,73,44,-1,-1
219,2164,1053,325,67,37,-1,-1
219,2166,608,479,54,39,-1,-1
219,1809,421,527,42,30,-1,-1
220,2160,1153,284,73,44,-1,-1
220,2164,1053,325,67,37,-1,-1
220,2166,603,480,52,39,-1,-1
220,1809,421,526,44,32,-1,-1
221,2160,1153,284,73,44,-1,-1
221,2164,1053,325,67,37,-1,-1
221,2166,597,481,51,38,-1,-1
221,1809,422,526,44,33,-1,-1
222,2160,1153,284,73,44,-1,-1
222,2164,1053,325,67,37,-1,-1
222,2166,592,482,50,37,-1,-1
222,1809,422,525,42,34,-1,-1
223,2160,1153,284,73,44,-1,-1
223,2164,1053,325,67,37,-1,-1
223,2166,587,483,49,37,-1,-1
223,1809,423,525,40,36,-1,-1
224,2160,1153,284,73,44,-1,-1
224,2164,1053,325,67,37,-1,-1
224,2166,582,483,48,36,-1,-1
224,1809,425,524,42,37,-1,-1
225,2160,1153,284,73,44,-1,-1
225,2164,1053,325,67,37,-1,-1
225,2166,577,484,46,36,-1,-1
225,1809,427,524,46,37,-1,-1
226,2160,1153,284,73,44,-1,-1
226,2164,1053,325,67,37,-1,-1
226,2166,572,485,45,35,-1,-1
226,1809,429,523,48,38,-1,-1
227,2160,1153,284,73,44,-1,-1
227,2164,1053,325,67,37,-1,-1
227,2166,568,486,43,35,-1,-1
227,1809,431,523,47,38,-1,-1
228,2160,1153,284,73,44,-1,-1
228,2164,1053,325,67,37,-1,-1
228,2166,564,486,42,35,-1,-1
228,1809,432,522,48,38,-1,-1
229,2160,1153,284,73,44,-1,-1
229,2164,1053,325,67,37,-1,-1
229,2166,560,487,41,34,-1,-1
229,1809,434,522,49,39,-1,-1
229,2169,1524,158,66,48,-1,-1
230,2160,1153,284,73,44,-1,-1
230,2164,1053,325,67,37,-1,-1
230,2166,556,488,40,34,-1,-1
230,1809,435,521,51,40,-1,-1
230,2169,1524,158,66,48,-1,-1
231,2160,1153,284,73,44,-1,-1
231,2164,1053,325,67,37,-1,-1
231,2166,552,489,39,34,-1,-1
231,1809,437,521,51,41,-1,-1
231,2169,1524,158,66,48,-1,-1
232,2160,1153,284,73,44,-1,-1
232,2164,1053,325,67,37,-1,-1
232,2166,548,490,39,33,-1,-1
232,1809,439,520,52,42,-1,-1
232,2169,1524,158,66,48,-1,-1
233,2160,1153,284,73,44,-1,-1
233,2164,1053,325,67,37,-1,-1
233,2166,544,491,39,33,-1,-1
233,1809,441,519,53,43,-1,-1
233,2169,1524,158,66,48,-1,-1
234,2160,1153,284,73,44,-1,-1
234,2164,1053,325,67,37,-1,-1
234,2166,540,493,39,32,-1,-1
234,1809,443,519,55,44,-1,-1
234,2169,1524,158,66,48,-1,-1
235,2160,1153,284,73,44,-1,-1
235,2164,1053,325,67,37,-1,-1
235,1809,446,518,57,45,-1,-1
235,2169,1524,158,66,48,-1,-1
236,2160,1153,284,73,44,-1,-1
236,2164,1053,325,67,37,-1,-1
236,1809,449,518,57,46,-1,-1
236,2169,1524,158,66,48,-1,-1
237,2160,1153,284,73,44,-1,-1
237,2164,1053,325,67,37,-1,-1
237,1809,452,517,57,48,-1,-1
237,2169,1525,158,66,48,-1,-1
238,2160,1153,284,73,44,-1,-1
238,2164,1053,325,67,37,-1,-1
238,1809,454,517,57,49,-1,-1
238,2169,1525,158,65,48,-1,-1
239,2160,1153,284,73,45,-1,-1
239,2164,1053,325,67,37,-1,-1
239,1809,457,516,58,51,-1,-1
239,2169,1525,158,65,48,-1,-1
240,2160,1153,284,73,45,-1,-1
240,2164,1053,325,67,37,-1,-1
240,1809,460,515,60,52,-1,-1
240,2169,1525,158,65,48,-1,-1
241,2160,1153,284,73,45,-1,-1
241,2164,1052,325,67,37,-1,-1
241,1809,462,515,61,54,-1,-1
241,2169,1525,158,65,48,-1,-1
242,2160,1153,284,73,45,-1,-1
242,2164,1052,325,67,37,-1,-1
242,1809,465,514,60,55,-1,-1
242,2169,1525,158,65,48,-1,-1
243,2160,1153,284,73,45,-1,-1
243,2164,1052,325,67,37,-1,-1
243,1809,468,514,61,57,-1,-1
243,2168,1199,399,397,146,-1,-1
243,2169,1525,158,65,48,-1,-1
244,2160,1153,284,73,45,-1,-1
244,2164,1052,325,67,37,-1,-1
244,1809,471,513,65,58,-1,-1
244,2168,1151,403,365,141,-1,-1
244,2169,1525,158,65,48,-1,-1
245,2160,1153,284,73,45,-1,-1
245,2164,1052,325,67,37,-1,-1
245,1809,474,512,68,60,-1,-1
245,2168,1104,407,335,137,-1,-1
245,2169,1525,158,65,48,-1,-1
246,2160,1153,284,73,45,-1,-1
246,2164,1052,325,67,37,-1,-1
246,1809,478,512,71,61,-1,-1
246,2168,1062,411,308,133,-1,-1
246,2169,1525,158,65,48,-1,-1
247,2160,1153,284,73,45,-1,-1
247,2164,1052,325,67,37,-1,-1
247,1809,482,512,73,63,-1,-1
247,2168,1024,415,283,129,-1,-1
247,2169,1525,158,65,48,-1,-1
248,2160,1153,284,73,45,-1,-1
248,2164,1052,325,67,37,-1,-1
248,1809,486,511,74,65,-1,-1
248,2168,990,419,261,125,-1,-1
248,2169,1525,158,65,48,-1,-1
249,2160,1153,284,73,45,-1,-1
249,2164,1052,325,67,37,-1,-1
249,1809,490,511,75,67,-1,-1
249,2168,960,423,242,120,-1,-1
249,2169,1525,158,65,48,-1,-1
250,2160,1153,284,73,45,-1,-1
250,2164,1052,325,67,37,-1,-1
250,1809,495,511,79,69,-1,-1
250,2168,932,427,226,116,-1,-1
250,2169,1525,158,65,48,-1,-1
251,2160,1153,284,73,45,-1,-1
251,2164,1052,325,67,37,-1,-1
251,1809,499,511,84,72,-1,-1
251,2168,907,431,211,112,-1,-1
251,2169,1525,158,65,48,-1,-1
252,2160,1153,284,73,45,-1,-1
252,2164,1052,325,67,37,-1,-1
252,1809,504,511,88,74,-1,-1
252,2168,883,435,198,108,-1,-1
252,2169,1525,158,65,48,-1,-1
253,2160,1153,284,73,45,-1,-1
253,2164,1052,325,67,37,-1,-1
253,1809,509,511,91,76,-1,-1
253,2168,860,439,186,104,-1,-1
253,2169,1525,158,65,48,-1,-1
254,2160,1153,284,73,45,-1,-1
254,2164,1052,325,67,37,-1,-1
254,1809,514,511,96,79,-1,-1
254,2168,839,443,177,99,-1,-1
254,2169,1525,158,65,48,-1,-1
255,2160,1153,284,73,45,-1,-1
255,2164,1052,325,67,37,-1,-1
255,1809,519,511,101,82,-1,-1
255,2168,819,447,169,95,-1,-1
255,2169,1525,158,65,48,-1,-1
256,2160,1153,284,73,45,-1,-1
256,2164,1052,325,67,37,-1,-1
256,1809,525,511,106,85,-1,-1
256,2168,801,451,162,91,-1,-1
256,2169,1525,158,65,48,-1,-1
257,2160,1153,284,73,45,-1,-1
257,2164,1052,325,67,37,-1,-1
257,1809,532,512,110,89,-1,-1
257,2168,783,455,155,87,-1,-1
257,2169,1525,158,65,48,-1,-1
258,2160,1153,284,73,45,-1,-1
258,2164,1052,325,67,37,-1,-1
258,1809,539,512,115,93,-1,-1
258,2168,766,459,148,82,-1,-1
258,2169,1525,158,65,48,-1,-1
259,2160,1153,284,73,45,-1,-1
259,2164,1052,325,67,37,-1,-1
259,1809,547,513,122,98,-1,-1
259,2168,750,463,141,78,-1,-1
259,2169,1525,158,65,48,-1,-1
260,2160,1153,284,73,45,-1,-1
260,2164,1052,325,67,37,-1,-1
260,1809,556,513,131,103,-1,-1
260,2168,735,467,133,74,-1,-1
260,2169,1525,158,65,48,-1,-1
260,2171,432,533,27,20,-1,-1
261,2160,1153,284,73,45,-1,-1
261,2164,1052,325,67,37,-1,-1
261,1809,566,514,139,109,-1,-1
261,2168,721,471,125,70,-1,-1
261,2169,1525,158,65,48,-1,-1
261,2171,432,533,27,21,-1,-1
262,2160,1153,284,73,45,-1,-1
262,2164,1052,325,67,37,-1,-1
262,1809,577,515,145,115,-1,-1
262,2168,708,475,118,66,-1,-1
262,2169,1525,158,65,48,-1,-1
262,2171,432,533,28,22,-1,-1
263,2160,1153,284,73,45,-1,-1
263,2164,1052,325,67,37,-1,-1
263,1809,588,516,152,122,-1,-1
263,2168,695,479,112,61,-1,-1
263,2169,1525,158,65,48,-1,-1
263,2171,432,532,29,22,-1,-1
264,2160,1153,284,73,45,-1,-1
264,2164,1052,325,67,37,-1,-1
264,1809,600,517,164,130,-1,-1
264,2168,683,483,107,57,-1,-1
264,2169,1525,158,65,48,-1,-1
264,2171,432,532,29,23,-1,-1
265,2160,1153,284,74,45,-1,-1
265,2164,1052,325,67,37,-1,-1
265,1809,613,518,179,139,-1,-1
265,2168,670,487,102,53,-1,-1
265,2169,1525,158,64,48,-1,-1
265,2171,431,532,30,24,-1,-1
266,2160,1153,284,74,45,-1,-1
266,2164,1052,325,67,37,-1,-1
266,1809,626,519,195,149,-1,-1
266,2169,1525,158,64,48,-1,-1
266,2171,431,531,31,24,-1,-1
267,2160,1153,284,74,45,-1,-1
267,2164,1052,325,67,37,-1,-1
267,1809,641,520,214,159,-1,-1
267,2169,1525,158,64,48,-1,-1
267,2171,431,531,32,25,-1,-1
268,2160,1153,284,74,45,-1,-1
268,2164,1052,325,67,37,-1,-1
268,1809,657,521,240,172,-1,-1
268,2169,1525,158,64,48,-1,-1
268,2143,447,528,28,22,-1,-1
268,2171,431,530,32,26,-1,-1
269,2160,1153,284,74,45,-1,-1
269,2164,1052,325,67,37,-1,-1
269,1809,677,523,277,187,-1,-1
269,2169,1526,158,64,48,-1,-1
269,2143,448,528,28,23,-1,-1
269,2171,431,530,33,26,-1,-1
269,2173,1189,358,321,112,-1,-1
270,2160,1153,284,74,45,-1,-1
270,2164,1052,325,67,37,-1,-1
270,1809,699,524,317,207,-1,-1
270,2169,1526,158,64,48,-1,-1
270,2143,448,528,29,23,-1,-1
270,2173,1156,364,294,108,-1,-1
271,2160,1153,284,74,45,-1,-1
271,2164,1052,325,67,37,-1,-1
271,1809,726,525,353,232,-1,-1
271,2169,1526,158,64,48,-1,-1
271,2143,448,528,30,24,-1,-1
271,2173,1125,370,269,103,-1,-1
272,2160,1153,284,74,45,-1,-1
272,2164,1052,325,67,37,-1,-1
272,1809,758,526,390,264,-1,-1
272,2169,1526,158,64,48,-1,-1
272,2143,447,528,31,24,-1,-1
272,2173,1094,376,247,99,-1,-1
273,2160,1153,284,74,45,-1,-1
273,2164,1052,325,67,37,-1,-1
273,1809,795,528,458,304,-1,-1
273,2169,1526,158,64,48,-1,-1
273,2143,447,528,33,25,-1,-1
273,2173,1064,382,228,95,-1,-1
274,2160,1153,284,74,45,-1,-1
274,2164,1052,325,67,37,-1,-1
274,1809,838,529,573,354,-1,-1
274,2169,1526,158,64,48,-1,-1
274,2143,446,528,34,25,-1,-1
274,2173,1036,387,211,91,-1,-1
275,2160,1153,284,74,45,-1,-1
275,2164,1052,325,67,37,-1,-1
275,1809,886,530,674,412,-1,-1
275,2169,1526,158,64,48,-1,-1
275,2143,446,528,35,26,-1,-1
275,2172,460,539,113,63,-1,-1
275,2173,1008,393,196,87,-1,-1
276,2160,1153,284,74,45,-1,-1
276,2164,1052,325,67,37,-1,-1
276,1809,939,531,665,477,-1,-1
276,2169,1526,158,64,48,-1,-1
276,2143,446,527,35,26,-1,-1
276,2172,437,546,112,63,-1,-1
276,2173,982,398,185,83,-1,-1
277,2160,1153,284,74,45,-1,-1
277,2164,1052,325,67,37,-1,-1
277,2169,1526,158,64,48,-1,-1
277,2143,446,527,36,26,-1,-1
277,2172,415,553,111,62,-1,-1
277,2173,957,404,175,80,-1,-1
278,2160,1153,284,74,45,-1,-1
278,2164,1052,325,67,37,-1,-1
278,2169,1526,158,64,48,-1,-1
278,2143,447,527,36,27,-1,-1
278,2172,393,560,110,62,-1,-1
278,2173,933,409,167,77,-1,-1
279,2160,1153,284,74,45,-1,-1
279,2164,1052,325,67,37,-1,-1
279,2169,1526,158,64,48,-1,-1
279,2143,447,527,36,28,-1,-1
279,2172,371,567,109,61,-1,-1
279,2173,910,414,159,74,-1,-1
280,2160,1153,284,74,45,-1,-1
280,2164,1052,325,67,37,-1,-1
280,2169,1526,158,64,48,-1,-1
280,2143,447,527,36,28,-1,-1
280,2172,349,574,108,60,-1,-1
280,2173,889,418,153,71,-1,-1
281,2160,1153,284,74,45,-1,-1
281,2164,1052,325,67,37,-1,-1
281,2169,1526,158,64,48,-1,-1
281,2143,448,527,36,29,-1,-1
281,2172,327,581,107,60,-1,-1
281,2173,868,422,147,69,-1,-1
282,2160,1153,284,74,45,-1,-1
282,2164,1052,325,67,37,-1,-1
282,2169,1526,159,64,48,-1,-1
282,2143,448,527,37,30,-1,-1
282,2172,304,588,106,59,-1,-1
282,2173,849,426,141,67,-1,-1
283,2160,1153,284,74,45,-1,-1
283,2164,1052,325,67,37,-1,-1
283,2169,1526,159,64,48,-1,-1
283,2143,449,526,38,31,-1,-1
283,2172,282,595,105,59,-1,-1
283,2173,831,430,135,65,-1,-1
284,2160,1153,284,74,45,-1,-1
284,2164,1052,325,68,37,-1,-1
284,2169,1526,159,64,48,-1,-1
284,2143,449,526,39,31,-1,-1
284,2172,260,603,104,58,-1,-1
284,2173,814,433,130,63,-1,-1
285,2160,1153,284,74,45,-1,-1
285,2164,1052,325,68,37,-1,-1
285,2169,1526,159,64,48,-1,-1
285,2143,450,526,40,32,-1,-1
285,2172,238,610,103,58,-1,-1
285,2173,799,437,124,62,-1,-1
286,2160,1153,284,74,45,-1,-1
286,2164,1052,325,68,37,-1,-1
286,2169,1526,159,64,48,-1,-1
286,2143,451,526,42,34,-1,-1
286,2172,216,617,102,57,-1,-1
286,2173,784,440,118,60,-1,-1
287,2160,1153,284,74,45,-1,-1
287,2164,1052,325,68,37,-1,-1
287,2169,1526,159,64,48,-1,-1
287,2143,452,526,43,35,-1,-1
287,2172,194,624,101,56,-1,-1
287,2173,770,443,113,59,-1,-1
288,2160,1153,284,74,45,-1,-1
288,2164,1052,325,68,37,-1,-1
288,2169,1526,159,64,48,-1,-1
288,2143,453,526,44,36,-1,-1
288,2172,172,631,100,56,-1,-1
288,2173,757,446,107,58,-1,-1
289,2160,1153,284,74,45,-1,-1
289,2164,1052,325,68,37,-1,-1
289,2169,1526,159,64,48,-1,-1
289,2143,455,526,45,37,-1,-1
289,2172,149,638,99,55,-1,-1
289,2173,744,448,103,56,-1,-1
290,2160,1153,284,74,45,-1,-1
290,2164,1052,325,68,37,-1,-1
290,2169,1526,159,64,48,-1,-1
290,2143,457,525,46,38,-1,-1
290,2172,127,645,98,55,-1,-1
290,2173,733,451,98,55,-1,-1
291,2160,1153,284,74,45,-1,-1
291,2164,1052,325,68,37,-1,-1
291,2143,460,525,46,39,-1,-1
291,2172,105,652,97,54,-1,-1
291,2173,721,453,94,54,-1,-1
292,2160,1153,284,74,45,-1,-1
292,2164,1052,325,68,37,-1,-1
292,2143,463,525,46,40,-1,-1
292,2172,83,660,96,54,-1,-1
292,2173,711,455,91,53,-1,-1
293,2160,1153,284,74,45,-1,-1
293,2164,1052,325,68,37,-1,-1
293,2143,466,525,46,41,-1,-1
293,2172,61,667,95,53,-1,-1
293,2173,701,457,88,52,-1,-1
294,2160,1153,284,74,45,-1,-1
294,2164,1052,325,68,37,-1,-1
294,2143,470,525,46,42,-1,-1
294,2172,39,674,94,52,-1,-1
294,2173,691,459,85,51,-1,-1
295,2160,1153,284,74,45,-1,-1
295,2164,1052,325,68,37,-1,-1
295,2143,473,525,46,43,-1,-1
295,2172,16,681,93,52,-1,-1
295,2173,682,461,82,50,-1,-1
296,2160,1153,284,74,45,-1,-1
296,2164,1052,325,68,37,-1,-1
296,2143,477,525,47,44,-1,-1
296,2172,-6,688,92,51,-1,-1
296,2173,674,463,80,49,-1,-1
297,2160,1153,284,74,45,-1,-1
297,2164,1052,325,68,37,-1,-1
297,2143,480,525,47,45,-1,-1
297,2173,665,465,77,48,-1,-1
298,2160,1153,284,74,45,-1,-1
298,2164,1052,325,68,37,-1,-1
298,2143,483,524,49,46,-1,-1
298,2173,657,466,75,48,-1,-1
299,2160,1153,284,74,45,-1,-1
299,2164,1052,325,68,37,-1,-1
299,2143,487,524,50,48,-1,-1
299,2173,650,468,73,47,-1,-1
300,2160,1153,284,74,45,-1,-1
300,2164,1052,325,68,37,-1,-1
300,2143,490,524,52,49,-1,-1
300,2173,643,469,71,46,-1,-1
301,2160,1153,284,74,45,-1,-1
301,2164,1052,325,68,37,-1,-1
301,2143,493,524,54,50,-1,-1
301,2173,636,471,68,45,-1,-1
302,2160,1153,284,74,45,-1,-1
302,2164,1052,325,68,37,-1,-1
302,2143,497,524,57,51,-1,-1
302,2173,629,472,66,45,-1,-1
303,2160,1153,284,74,45,-1,-1
303,2164,1052,325,68,37,-1,-1
303,2143,501,524,59,53,-1,-1
303,2173,623,473,64,44,-1,-1
304,2160,1153,284,74,45,-1,-1
304,2164,1052,325,68,37,-1,-1
304,2143,505,524,62,54,-1,-1
304,2173,617,474,62,43,-1,-1
305,2160,1153,284,74,45,-1,-1
305,2164,1052,325,68,37,-1,-1
305,2143,510,523,65,56,-1,-1
305,2173,612,476,61,42,-1,-1
306,2160,1153,284,74,45,-1,-1
306,2164,1052,325,68,37,-1,-1
306,2143,515,523,68,58,-1,-1
306,2173,606,477,59,42,-1,-1
307,2160,1153,284,74,45,-1,-1
307,2164,1052,325,68,37,-1,-1
307,2143,521,523,71,59,-1,-1
307,2173,601,478,58,41,-1,-1
308,2160,1153,284,74,45,-1,-1
308,2164,1052,325,68,37,-1,-1
308,2143,527,523,74,61,-1,-1
308,2173,596,479,56,41,-1,-1
309,2160,1153,284,74,45,-1,-1
309,2164,1052,325,68,37,-1,-1
309,2143,533,523,77,63,-1,-1
309,2173,591,480,55,40,-1,-1
310,2160,1153,284,74,45,-1,-1
310,2164,1052,325,68,37,-1,-1
310,2143,540,523,80,65,-1,-1
310,2173,587,481,54,39,-1,-1
311,2160,1153,284,74,45,-1,-1
311,2164,1052,325,68,37,-1,-1
311,2143,548,523,83,67,-1,-1
311,2173,583,482,53,39,-1,-1
312,2160,1153,284,74,45,-1,-1
312,2164,1052,325,68,37,-1,-1
312,2143,557,522,86,70,-1,-1
312,2173,578,483,52,38,-1,-1
313,2160,1153,284,74,45,-1,-1
313,2164,1052,325,68,37,-1,-1
313,2143,566,522,90,72,-1,-1
313,2173,574,483,51,38,-1,-1
314,2160,1153,284,74,45,-1,-1
314,2164,1052,325,68,37,-1,-1
314,2143,575,522,95,75,-1,-1
314,2173,571,484,50,37,-1,-1
315,2160,1153,284,74,45,-1,-1
315,2164,1052,325,68,37,-1,-1
315,2143,586,522,101,78,-1,-1
315,2173,567,485,49,37,-1,-1
316,2160,1153,284,74,45,-1,-1
316,2164,1052,325,68,37,-1,-1
316,2143,597,522,108,82,-1,-1
316,2173,563,486,48,36,-1,-1
317,2160,1153,284,74,45,-1,-1
317,2164,1052,325,68,37,-1,-1
317,2143,609,522,116,85,-1,-1
317,2173,560,487,47,36,-1,-1
318,2160,1153,284,74,45,-1,-1
318,2164,1052,325,68,37,-1,-1
318,2143,622,522,125,89,-1,-1
318,2173,557,488,46,35,-1,-1
319,2160,1153,284,74,45,-1,-1
319,2164,1052,325,68,37,-1,-1
319,2143,636,522,134,94,-1,-1
319,2173,554,489,45,35,-1,-1
320,2160,1153,284,74,45,-1,-1
320,2164,1052,325,68,37,-1,-1
320,2143,651,521,145,99,-1,-1
320,2173,550,490,44,34,-1,-1
320,2148,441,524,33,27,-1,-1
321,2160,1153,284,74,45,-1,-1
321,2164,1052,325,68,37,-1,-1
321,2143,669,521,155,105,-1,-1
321,2173,547,491,43,34,-1,-1
321,2148,442,524,33,28,-1,-1
322,2160,1153,284,74,45,-1,-1
322,2164,1052,325,68,37,-1,-1
322,2143,688,521,167,111,-1,-1
322,2173,544,492,43,34,-1,-1
322,2148,443,523,33,28,-1,-1
323,2160,1153,284,74,45,-1,-1
323,2164,1052,325,68,37,-1,-1
323,2143,711,521,181,118,-1,-1
323,2173,541,493,42,33,-1,-1
323,2148,444,523,33,29,-1,-1
324,2160,1152,284,74,45,-1,-1
324,2164,1052,325,68,37,-1,-1
324,2143,736,521,198,126,-1,-1
324,2173,537,494,41,32,-1,-1
324,2148,445,523,32,29,-1,-1
325,2160,1152,284,74,45,-1,-1
325,2164,1052,325,68,37,-1,-1
325,2143,765,521,218,134,-1,-1
325,2173,534,496,40,32,-1,-1
325,2148,445,523,32,29,-1,-1
326,2160,1152,284,74,45,-1,-1
326,2164,1052,325,68,37,-1,-1
326,2143,798,521,243,143,-1,-1
326,2148,446,523,32,30,-1,-1
327,2160,1152,284,74,45,-1,-1
327,2164,1052,325,68,37,-1,-1
327,2143,835,520,274,152,-1,-1
327,2148,446,523,32,30,-1,-1
328,2160,1152,284,74,45,-1,-1
328,2164,1052,325,68,37,-1,-1
328,2143,878,520,311,162,-1,-1
328,2148,447,523,33,30,-1,-1
328,2175,1527,159,62,47,-1,-1
329,2160,1152,284,74,45,-1,-1
329,2164,1052,325,68,37,-1,-1
329,2143,924,520,356,173,-1,-1
329,2148,448,523,33,31,-1,-1
329,2175,1527,159,62,47,-1,-1
330,2160,1152,284,74,45,-1,-1
330,2164,1052,325,68,37,-1,-1
330,2143,976,520,406,183,-1,-1
330,2148,449,523,35,31,-1,-1
330,2175,1527,159,62,47,-1,-1
331,2160,1152,284,74,45,-1,-1
331,2164,1052,325,68,37,-1,-1
331,2143,1031,520,463,194,-1,-1
331,2148,449,523,37,31,-1,-1
331,2175,1527,159,62,47,-1,-1
332,2160,1152,284,74,45,-1,-1
332,2164,1052,325,68,37,-1,-1
332,2148,450,523,38,32,-1,-1
332,2175,1527,159,62,47,-1,-1
333,2160,1152,284,74,45,-1,-1
333,2164,1052,325,68,37,-1,-1
333,2148,451,522,39,32,-1,-1
333,2175,1527,159,62,47,-1,-1
334,2160,1152,284,74,45,-1,-1
334,2164,1052,325,68,37,-1,-1
334,2148,452,522,39,33,-1,-1
334,2175,1527,159,62,47,-1,-1
335,2160,1152,284,74,45,-1,-1
335,2164,1052,325,68,37,-1,-1
335,2148,453,522,40,34,-1,-1
335,2175,1527,159,62,47,-1,-1
336,2160,1152,284,74,45,-1,-1
336,2164,1052,325,68,37,-1,-1
336,2148,454,522,41,34,-1,-1
336,2175,1527,159,62,47,-1,-1
337,2160,1152,284,74,45,-1,-1
337,2164,1052,325,68,37,-1,-1
337,2148,456,522,42,35,-1,-1
337,2175,1527,159,62,47,-1,-1
338,2160,1152,284,74,45,-1,-1
338,2164,1052,325,68,37,-1,-1
338,2148,458,522,43,35,-1,-1
338,2175,1527,159,62,47,-1,-1
339,2160,1152,284,74,45,-1,-1
339,2164,1052,325,68,37,-1,-1
339,2148,460,522,44,36,-1,-1
339,2175,1527,159,62,47,-1,-1
339,2177,1158,398,420,142,-1,-1
340,2160,1152,284,74,45,-1,-1
340,2164,1052,325,68,37,-1,-1
340,2148,462,522,44,36,-1,-1
340,2175,1527,159,62,47,-1,-1
340,2177,1121,402,386,138,-1,-1
341,2160,1152,284,74,45,-1,-1
341,2164,1052,325,68,37,-1,-1
341,2148,464,522,44,37,-1,-1
341,2175,1527,159,62,47,-1,-1
341,2177,1085,406,356,134,-1,-1
342,2160,1152,284,74,45,-1,-1
342,2164,1052,325,68,37,-1,-1
342,2148,466,522,44,37,-1,-1
342,2175,1528,159,62,47,-1,-1
342,2177,1052,410,328,130,-1,-1
343,2160,1152,284,74,45,-1,-1
343,2164,1052,325,68,37,-1,-1
343,2148,468,522,44,38,-1,-1
343,2175,1528,159,62,47,-1,-1
343,2177,1021,414,303,125,-1,-1
344,2160,1152,284,74,45,-1,-1
344,2164,1052,325,68,37,-1,-1
344,2148,470,521,44,38,-1,-1
344,2175,1528,159,62,47,-1,-1
344,2176,1177,317,303,146,-1,-1
344,2177,992,419,281,121,-1,-1
345,2160,1152,284,74,45,-1,-1
345,2164,1052,325,68,37,-1,-1
345,2148,472,521,44,39,-1,-1
345,2175,1528,159,62,47,-1,-1
345,2176,1151,326,283,139,-1,-1
345,2177,966,423,261,117,-1,-1
346,2160,1152,284,74,45,-1,-1
346,2164,1052,325,68,37,-1,-1
346,2148,474,521,44,39,-1,-1
346,2175,1528,159,62,47,-1,-1
346,2176,1126,334,263,132,-1,-1
346,2177,942,427,244,113,-1,-1
347,2160,1152,284,74,45,-1,-1
347,2164,1052,325,68,37,-1,-1
347,2148,477,521,44,40,-1,-1
347,2175,1528,159,62,47,-1,-1
347,2176,1100,342,243,126,-1,-1
347,2177,920,431,230,109,-1,-1
348,2160,1152,284,74,45,-1,-1
348,2164,1052,325,68,37,-1,-1
348,2148,479,521,44,41,-1,-1
348,2175,1528,159,62,47,-1,-1
348,2176,1075,351,222,119,-1,-1
348,2177,900,435,217,105,-1,-1
348,2180,0,700,107,59,-1,-1
349,2160,1152,284,74,45,-1,-1
349,2164,1052,325,68,37,-1,-1
349,2148,481,521,45,42,-1,-1
349,2175,1528,159,62,47,-1,-1
349,2176,1050,359,202,112,-1,-1
349,2177,881,438,206,102,-1,-1
349,2180,0,698,116,58,-1,-1
350,2160,1152,284,74,45,-1,-1
350,2164,1052,325,68,37,-1,-1
350,2148,483,521,47,43,-1,-1
350,2175,1528,159,62,47,-1,-1
350,2176,1024,368,182,106,-1,-1
350,2177,865,441,196,99,-1,-1
350,2180,10,695,124,58,-1,-1
351,2160,1152,284,74,45,-1,-1
351,2164,1052,325,68,37,-1,-1
351,2148,485,521,47,45,-1,-1
351,2175,1528,159,62,47,-1,-1
351,2176,999,376,162,99,-1,-1
351,2177,849,444,188,96,-1,-1
351,2180,19,692,120,58,-1,-1
352,2160,1152,284,74,45,-1,-1
352,2164,1052,325,68,37,-1,-1
352,2148,487,521,49,46,-1,-1
352,2175,1528,159,62,47,-1,-1
352,2176,974,384,141,92,-1,-1
352,2177,835,446,181,94,-1,-1
352,2180,34,689,122,58,-1,-1
353,2160,1152,284,74,45,-1,-1
353,2164,1052,325,68,37,-1,-1
353,2148,490,521,50,48,-1,-1
353,2175,1528,158,62,47,-1,-1
353,2176,948,393,121,85,-1,-1
353,2177,822,448,174,92,-1,-1
353,2180,40,686,125,58,-1,-1
354,2160,1152,284,74,45,-1,-1
354,2164,1052,325,68,37,-1,-1
354,2148,492,520,52,49,-1,-1
354,2175,1528,158,62,47,-1,-1
354,2176,923,401,101,79,-1,-1
354,2177,810,449,169,91,-1,-1
354,2180,51,683,123,58,-1,-1
355,2160,1152,284,74,45,-1,-1
355,2164,1052,325,68,37,-1,-1
355,2148,494,520,55,51,-1,-1
355,2175,1528,158,62,47,-1,-1
355,2176,898,409,81,72,-1,-1
355,2177,798,450,164,90,-1,-1
355,2180,69,680,122,58,-1,-1
356,2160,1152,284,74,45,-1,-1
356,2164,1052,325,68,37,-1,-1
356,2148,497,520,57,53,-1,-1
356,2175,1528,158,62,47,-1,-1
356,2176,872,418,60,65,-1,-1
356,2177,787,451,159,89,-1,-1
356,2180,74,677,123,58,-1,-1
357,2160,1152,284,74,45,-1,-1
357,2164,1052,325,68,37,-1,-1
357,2148,499,520,60,55,-1,-1
357,2175,1528,158,62,47,-1,-1
357,2177,777,452,155,88,-1,-1
357,2180,87,674,126,58,-1,-1
358,2160,1152,284,74,45,-1,-1
358,2164,1052,325,68,37,-1,-1
358,2148,502,520,63,57,-1,-1
358,2175,1528,158,62,47,-1,-1
358,2177,767,453,151,87,-1,-1
358,2180,91,671,126,58,-1,-1
359,2160,1152,284,74,45,-1,-1
359,2164,1052,325,68,37,-1,-1
359,2148,506,520,66,59,-1,-1
359,2175,1528,158,62,47,-1,-1
359,2177,757,454,147,86,-1,-1
359,2180,103,669,123,58,-1,-1
360,2160,1152,284,74,45,-1,-1
360,2164,1052,325,68,37,-1,-1
360,2148,510,520,69,61,-1,-1
360,2175,1528,158,62,47,-1,-1
360,2177,749,455,143,85,-1,-1
360,2180,112,666,121,58,-1,-1
361,2160,1152,284,74,45,-1,-1
361,2164,1052,325,68,37,-1,-1
361,2148,514,520,73,63,-1,-1
361,2175,1528,158,62,46,-1,-1
361,2177,740,456,139,84,-1,-1
361,2180,120,663,116,58,-1,-1
362,2160,1152,284,74,45,-1,-1
362,2164,1052,325,68,37,-1,-1
362,2148,518,520,76,65,-1,-1
362,2175,1528,158,62,46,-1,-1
362,2177,733,458,136,83,-1,-1
362,2180,134,660,109,58,-1,-1
363,2160,1152,284,74,45,-1,-1
363,2164,1052,325,68,37,-1,-1
363,2148,523,520,80,68,-1,-1
363,2175,1528,158,62,46,-1,-1
363,2177,726,459,132,81,-1,-1
363,2180,141,658,112,58,-1,-1
364,2160,1152,284,74,45,-1,-1
364,2164,1052,325,68,37,-1,-1
364,2148,529,520,83,70,-1,-1
364,2175,1528,158,62,46,-1,-1
364,2177,720,461,129,80,-1,-1
364,2180,150,655,108,58,-1,-1
364,2181,435,537,18,15,-1,-1
365,2160,1152,284,74,45,-1,-1
365,2164,1052,325,68,37,-1,-1
365,2148,536,519,87,73,-1,-1
365,2175,1528,158,62,46,-1,-1
365,2177,714,463,125,78,-1,-1
365,2180,152,652,117,58,-1,-1
365,2181,434,537,20,16,-1,-1
366,2160,1152,284,74,45,-1,-1
366,2164,1052,325,68,37,-1,-1
366,2148,543,519,91,76,-1,-1
366,2175,1528,158,62,46,-1,-1
366,2177,709,464,122,76,-1,-1
366,2180,159,650,114,58,-1,-1
366,2181,434,536,21,17,-1,-1
367,2160,1152,284,74,45,-1,-1
367,2164,1052,325,68,37,-1,-1
367,2148,551,519,95,79,-1,-1
367,2175,1528,158,62,46,-1,-1
367,2177,705,466,119,74,-1,-1
367,2180,169,648,109,58,-1,-1
367,2181,433,535,22,18,-1,-1
368,2160,1152,284,74,45,-1,-1
368,2164,1052,325,68,37,-1,-1
368,2148,560,519,100,82,-1,-1
368,2175,1528,158,62,46,-1,-1
368,2177,701,468,116,73,-1,-1
368,2178,1289,356,314,114,-1,-1
368,2179,653,463,68,52,-1,-1
368,2180,176,646,105,58,-1,-1
368,2181,432,534,22,19,-1,-1
369,2160,1152,284,74,45,-1,-1
369,2164,1052,325,68,37,-1,-1
369,2148,570,519,105,85,-1,-1
369,2175,1528,158,62,46,-1,-1
369,2177,697,470,114,71,-1,-1
369,2178,1243,361,295,111,-1,-1
369,2179,647,464,66,51,-1,-1
369,2180,178,643,124,58,-1,-1
369,2181,431,534,24,20,-1,-1
370,2160,1152,284,74,45,-1,-1
370,2164,1052,325,68,37,-1,-1
370,2148,580,519,110,88,-1,-1
370,2175,1528,158,62,46,-1,-1
370,2177,694,471,111,69,-1,-1
370,2178,1198,366,275,107,-1,-1
370,2179,642,465,65,50,-1,-1
370,2180,184,641,126,58,-1,-1
370,2181,430,533,26,21,-1,-1
371,2160,1152,284,74,45,-1,-1
371,2164,1052,325,68,37,-1,-1
371,2148,591,519,117,92,-1,-1
371,2175,1528,158,62,46,-1,-1
371,2177,690,473,110,68,-1,-1
371,2178,1155,371,254,104,-1,-1
371,2179,637,466,64,50,-1,-1
371,2180,190,639,126,57,-1,-1
371,2181,430,533,28,21,-1,-1
372,2160,1152,284,74,45,-1,-1
372,2164,1052,325,68,37,-1,-1
372,2148,603,519,125,95,-1,-1
372,2175,1528,158,61,46,-1,-1
372,2177,687,474,108,67,-1,-1
372,2178,1116,376,234,101,-1,-1
372,2179,632,467,63,49,-1,-1
372,2180,93,638,112,57,-1,-1
372,2181,429,532,29,22,-1,-1
373,2160,1152,284,74,45,-1,-1
373,2164,1052,325,68,37,-1,-1
373,2148,616,519,136,99,-1,-1
373,2175,1528,158,61,46,-1,-1
373,2177,684,475,107,66,-1,-1
373,2178,1079,381,215,98,-1,-1
373,2179,626,468,62,48,-1,-1
373,2180,97,636,113,58,-1,-1
373,2181,428,532,30,22,-1,-1
374,2160,1152,284,74,45,-1,-1
374,2164,1052,325,68,37,-1,-1
374,2148,630,519,146,103,-1,-1
374,2175,1528,158,61,46,-1,-1
374,2177,682,476,106,65,-1,-1
374,2178,1046,386,198,95,-1,-1
374,2179,621,469,61,48,-1,-1
374,2180,102,634,114,58,-1,-1
374,2181,428,531,30,22,-1,-1
375,2160,1152,284,74,45,-1,-1
375,2164,1052,325,68,37,-1,-1
375,2148,645,518,155,107,-1,-1
375,2175,1528,158,61,46,-1,-1
375,2177,679,477,105,64,-1,-1
375,2178,1014,391,184,91,-1,-1
375,2179,616,470,60,47,-1,-1
375,2180,106,633,114,58,-1,-1
375,2181,428,531,30,23,-1,-1
376,2160,1152,284,74,45,-1,-1
376,2164,1052,325,68,37,-1,-1
376,2148,663,518,166,112,-1,-1
376,2175,1528,158,61,46,-1,-1
376,2177,676,477,105,64,-1,-1
376,2178,985,396,172,88,-1,-1
376,2179,611,471,59,46,-1,-1
376,2180,110,631,115,58,-1,-1
376,2181,428,531,29,23,-1,-1
377,2160,1152,284,74,45,-1,-1
377,2164,1052,325,68,37,-1,-1
377,2148,683,518,181,118,-1,-1
377,2175,1529,158,61,46,-1,-1
377,2177,674,478,105,63,-1,-1
377,2178,957,401,163,85,-1,-1
377,2179,606,472,58,45,-1,-1
377,2180,211,630,135,58,-1,-1
377,2181,429,530,28,23,-1,-1
378,2160,1152,284,74,45,-1,-1
378,2164,1052,325,68,37,-1,-1
378,2148,706,518,199,125,-1,-1
378,2175,1529,158,61,46,-1,-1
378,2177,672,478,105,63,-1,-1
378,2178,930,406,155,82,-1,-1
378,2179,600,473,57,45,-1,-1
378,2180,211,629,137,59,-1,-1
378,2181,429,530,27,23,-1,-1
379,2160,1152,284,74,45,-1,-1
379,2164,1052,325,68,37,-1,-1
379,2148,732,518,219,134,-1,-1
379,2175,1529,158,61,46,-1,-1
379,2177,670,478,104,63,-1,-1
379,2178,905,411,147,78,-1,-1
379,2179,595,474,56,44,-1,-1
379,2180,213,628,138,59,-1,-1
379,2181,430,530,27,23,-1,-1
380,2160,1152,284,74,45,-1,-1
380,2164,1052,325,68,37,-1,-1
380,2148,763,518,239,143,-1,-1
380,2175,1529,158,61,46,-1,-1
380,2177,668,478,104,63,-1,-1
380,2178,882,416,140,75,-1,-1
380,2179,590,475,54,43,-1,-1
380,2180,215,627,135,60,-1,-1
380,2181,431,529,26,24,-1,-1
381,2160,1152,284,74,45,-1,-1
381,2164,1052,325,68,37,-1,-1
381,2148,799,518,262,154,-1,-1
381,2177,667,478,103,63,-1,-1
381,2178,860,421,133,72,-1,-1
381,2179,585,476,53,42,-1,-1
381,2180,217,626,133,60,-1,-1
381,2181,432,529,26,24,-1,-1
382,2160,1152,284,74,45,-1,-1
382,2164,1052,325,68,37,-1,-1
382,2148,841,518,293,167,-1,-1
382,2177,665,478,103,63,-1,-1
382,2178,841,426,125,69,-1,-1
382,2179,580,478,52,42,-1,-1
382,2180,219,625,133,61,-1,-1
382,2181,432,528,26,24,-1,-1
383,2160,1152,284,74,45,-1,-1
383,2164,1052,325,68,37,-1,-1
383,2148,889,518,337,181,-1,-1
383,2177,664,478,102,63,-1,-1
383,2178,822,431,118,65,-1,-1
383,2179,574,479,51,41,-1,-1
383,2180,219,624,135,61,-1,-1
383,2181,433,528,26,24,-1,-1
384,2160,1152,284,74,45,-1,-1
384,2164,1052,325,68,37,-1,-1
384,2148,943,518,394,197,-1,-1
384,2177,664,478,102,63,-1,-1
384,2178,806,436,111,62,-1,-1
384,2179,569,480,50,40,-1,-1
384,2180,217,623,140,62,-1,-1
384,2181,434,528,27,24,-1,-1
385,2160,1152,284,74,45,-1,-1
385,2164,1052,325,68,37,-1,-1
385,2148,1004,518,451,214,-1,-1
385,2177,663,478,102,64,-1,-1
385,2178,791,441,105,59,-1,-1
385,2179,564,481,49,40,-1,-1
385,2180,219,622,144,62,-1,-1
385,2181,434,527,27,25,-1,-1
386,2160,1152,284,74,45,-1,-1
386,2164,1052,325,68,37,-1,-1
386,2148,1071,517,481,232,-1,-1
386,2177,662,477,101,64,-1,-1
386,2178,777,446,98,56,-1,-1
386,2179,559,482,48,39,-1,-1
386,2180,229,622,139,63,-1,-1
386,2181,435,527,28,25,-1,-1
387,2160,1152,284,74,45,-1,-1
387,2164,1052,325,68,37,-1,-1
387,2148,1144,517,469,251,-1,-1
387,2177,661,477,101,65,-1,-1
387,2178,766,451,91,52,-1,-1
387,2179,554,483,47,38,-1,-1
387,2180,228,621,142,63,-1,-1
387,2181,436,526,29,25,-1,-1
388,2160,1152,284,74,45,-1,-1
388,2164,1052,325,68,37,-1,-1
388,2177,661,476,101,65,-1,-1
388,2178,756,456,84,49,-1,-1
388,2179,548,484,46,37,-1,-1
388,2180,231,621,139,64,-1,-1
388,2181,436,526,31,26,-1,-1
389,2160,1152,284,74,45,-1,-1
389,2164,1052,325,68,37,-1,-1
389,2177,660,476,102,66,-1,-1
389,2178,747,461,77,46,-1,-1
389,2179,543,485,44,37,-1,-1
389,2180,231,620,140,64,-1,-1
389,2181,437,525,32,26,-1,-1
390,2160,1152,284,74,45,-1,-1
390,2164,1052,325,68,37,-1,-1
390,2177,660,475,102,66,-1,-1
390,2178,739,466,70,43,-1,-1
390,2179,538,486,43,36,-1,-1
390,2180,231,620,140,65,-1,-1
390,2181,437,525,33,26,-1,-1
391,2160,1152,284,74,45,-1,-1
391,2164,1052,325,68,37,-1,-1
391,2177,659,475,102,67,-1,-1
391,2178,731,471,64,39,-1,-1
391,2179,533,487,42,35,-1,-1
391,2180,232,619,140,65,-1,-1
391,2181,437,525,34,27,-1,-1
392,2160,1152,284,74,45,-1,-1
392,2164,1052,325,68,37,-1,-1
392,2177,658,474,103,67,-1,-1
392,2179,527,488,41,35,-1,-1
392,2180,233,619,138,65,-1,-1
392,2181,437,524,35,27,-1,-1
393,2160,1152,284,74,45,-1,-1
393,2164,1052,325,68,37,-1,-1
393,2177,657,474,103,67,-1,-1
393,2180,233,619,140,66,-1,-1
393,2181,438,524,35,27,-1,-1
394,2160,1152,284,74,45,-1,-1
394,2164,1052,325,68,37,-1,-1
394,2177,656,474,103,68,-1,-1
394,2180,233,619,140,66,-1,-1
394,2181,438,523,36,28,-1,-1
395,2160,1152,284,74,45,-1,-1
395,2164,1052,325,68,37,-1,-1
395,2177,656,474,104,67,-1,-1
395,2180,232,618,141,66,-1,-1
395,2181,438,523,36,28,-1,-1
396,2160,1152,284,74,45,-1,-1
396,2164,1052,325,68,37,-1,-1
396,2177,655,474,104,67,-1,-1
396,2180,232,618,141,66,-1,-1
396,2181,438,523,36,29,-1,-1
397,2160,1152,284,74,45,-1,-1
397,2164,1052,325,68,37,-1,-1
397,2177,655,475,104,67,-1,-1
397,2180,232,618,141,66,-1,-1
397,2181,438,522,35,29,-1,-1
398,2160,1152,284,74,45,-1,-1
398,2164,1052,325,68,37,-1,-1
398,2177,654,475,104,66,-1,-1
398,2180,232,618,141,66,-1,-1
398,2181,438,522,35,30,-1,-1
399,2160,1152,284,74,45,-1,-1
399,2164,1052,325,68,37,-1,-1
399,2177,654,476,103,66,-1,-1
399,2180,231,618,142,66,-1,-1
399,2181,438,522,36,30,-1,-1
400,2160,1152,284,74,45,-1,-1
400,2164,1052,325,68,37,-1,-1
400,2177,655,476,103,65,-1,-1
400,2180,232,618,141,66,-1,-1
400,2181,438,521,36,31,-1,-1
400,2182,1334,310,276,153,-1,-1
400,2183,626,479,53,38,-1,-1
401,2160,1152,284,74,45,-1,-1
401,2164,1052,325,68,37,-1,-1
401,2177,655,477,103,65,-1,-1
401,2180,231,618,142,66,-1,-1
401,2181,438,521,36,31,-1,-1
401,2182,1286,316,280,149,-1,-1
401,2183,621,480,52,37,-1,-1
402,2160,1152,284,74,45,-1,-1
402,2164,1052,325,68,37,-1,-1
402,2177,656,478,102,64,-1,-1
402,2180,231,618,142,66,-1,-1
402,2181,439,521,36,32,-1,-1
402,2182,1238,321,275,145,-1,-1
402,2183,617,481,51,37,-1,-1
403,2160,1152,284,74,45,-1,-1
403,2164,1052,325,68,37,-1,-1
403,2177,656,478,102,64,-1,-1
403,2180,231,618,142,66,-1,-1
403,2181,439,521,37,32,-1,-1
403,2182,1194,327,264,141,-1,-1
403,2183,612,482,50,36,-1,-1
404,2160,1152,284,74,45,-1,-1
404,2164,1052,325,68,37,-1,-1
404,2177,657,479,101,63,-1,-1
404,2180,231,618,142,66,-1,-1
404,2181,439,521,37,32,-1,-1
404,2182,1152,333,248,137,-1,-1
404,2183,607,483,49,36,-1,-1
405,2160,1152,284,74,45,-1,-1
405,2164,1052,325,68,37,-1,-1
405,2177,657,479,100,63,-1,-1
405,2180,231,618,142,66,-1,-1
405,2181,439,520,38,33,-1,-1
405,2182,1114,338,230,133,-1,-1
405,2183,602,484,48,35,-1,-1
406,2160,1152,284,74,45,-1,-1
406,2164,1052,325,68,37,-1,-1
406,2177,658,479,100,62,-1,-1
406,2180,231,618,142,66,-1,-1
406,2181,439,520,39,33,-1,-1
406,2182,1079,344,213,129,-1,-1
406,2183,597,485,47,35,-1,-1
407,2160,1152,284,74,45,-1,-1
407,2164,1052,325,68,37,-1,-1
407,2177,658,480,100,62,-1,-1
407,2180,231,618,142,66,-1,-1
407,2181,440,520,40,34,-1,-1
407,2182,1048,350,196,125,-1,-1
407,2183,593,486,46,35,-1,-1
408,2160,1152,284,74,45,-1,-1
408,2164,1052,325,68,37,-1,-1
408,2177,658,480,99,62,-1,-1
408,2180,231,618,142,66,-1,-1
408,2181,440,520,40,34,-1,-1
408,2182,1019,355,181,121,-1,-1
408,2183,588,486,44,34,-1,-1
409,2160,1152,284,74,45,-1,-1
409,2164,1052,325,68,37,-1,-1
409,2177,658,480,99,62,-1,-1
409,2180,232,618,142,66,-1,-1
409,2181,440,520,41,35,-1,-1
409,2182,993,361,168,117,-1,-1
409,2183,583,487,43,34,-1,-1
410,2160,1152,284,74,45,-1,-1
410,2164,1052,325,68,37,-1,-1
410,2177,658,480,99,62,-1,-1
410,2180,232,618,142,66,-1,-1
410,2181,440,520,41,35,-1,-1
410,2182,968,367,158,113,-1,-1
410,2183,578,488,42,33,-1,-1
411,2160,1152,284,74,45,-1,-1
411,2164,1052,325,68,37,-1,-1
411,2177,658,480,99,62,-1,-1
411,2180,230,618,145,66,-1,-1
411,2181,441,520,42,36,-1,-1
411,2182,945,372,150,109,-1,-1
411,2183,573,489,41,33,-1,-1
412,2160,1152,284,74,45,-1,-1
412,2164,1052,325,68,37,-1,-1
412,2177,658,479,99,63,-1,-1
412,2180,230,618,145,66,-1,-1
412,2181,442,520,42,36,-1,-1
412,2182,923,378,143,105,-1,-1
412,2183,568,490,40,32,-1,-1
412,2184,0,698,121,63,-1,-1
413,2160,1152,284,74,45,-1,-1
413,2164,1052,325,68,37,-1,-1
413,2177,658,479,99,63,-1,-1
413,2180,230,618,145,66,-1,-1
413,2181,442,520,44,37,-1,-1
413,2182,902,384,138,101,-1,-1
413,2183,564,491,39,32,-1,-1
413,2184,7,696,123,63,-1,-1
414,2160,1152,284,74,45,-1,-1
414,2164,1052,325,68,37,-1,-1
414,2177,658,479,99,63,-1,-1
414,2180,230,618,145,66,-1,-1
414,2181,443,519,45,38,-1,-1
414,2182,882,389,133,97,-1,-1
414,2183,559,492,38,31,-1,-1
414,2184,13,694,124,63,-1,-1
415,2160,1152,284,74,45,-1,-1
415,2164,1052,325,68,37,-1,-1
415,2177,658,479,100,63,-1,-1
415,2180,230,618,145,66,-1,-1
415,2181,444,519,47,39,-1,-1
415,2182,862,395,129,93,-1,-1
415,2183,554,493,37,31,-1,-1
415,2184,20,693,125,63,-1,-1
416,2160,1152,284,74,45,-1,-1
416,2164,1052,325,68,37,-1,-1
416,2177,658,478,100,64,-1,-1
416,2180,230,618,145,66,-1,-1
416,2181,444,519,49,40,-1,-1
416,2182,844,401,124,89,-1,-1
416,2183,549,494,36,31,-1,-1
416,2184,27,691,125,63,-1,-1
417,2160,1152,284,74,45,-1,-1
417,2164,1052,325,68,37,-1,-1
417,2177,657,478,100,64,-1,-1
417,2180,230,618,145,66,-1,-1
417,2181,445,519,51,40,-1,-1
417,2182,826,406,119,85,-1,-1
417,2183,544,494,35,30,-1,-1
417,2184,33,689,126,63,-1,-1
418,2160,1152,284,74,45,-1,-1
418,2164,1052,325,68,37,-1,-1
418,2177,657,478,100,65,-1,-1
418,2180,230,618,144,66,-1,-1
418,2181,445,519,53,41,-1,-1
418,2182,810,412,114,81,-1,-1
418,2183,540,495,34,30,-1,-1
418,2184,39,688,126,62,-1,-1
419,2160,1152,284,74,45,-1,-1
419,2164,1052,325,68,37,-1,-1
419,2177,657,477,100,65,-1,-1
419,2180,230,618,144,66,-1,-1
419,2181,446,518,54,42,-1,-1
419,2182,794,418,109,77,-1,-1
419,2183,535,496,33,29,-1,-1
419,2184,46,686,125,62,-1,-1
420,2160,1152,284,74,45,-1,-1
420,2164,1052,325,68,37,-1,-1
420,2177,657,477,100,66,-1,-1
420,2180,230,618,144,66,-1,-1
420,2181,446,518,55,43,-1,-1
420,2182,780,423,104,73,-1,-1
420,2184,52,684,125,62,-1,-1
421,2160,1152,284,74,45,-1,-1
421,2164,1052,325,68,37,-1,-1
421,2177,657,476,100,66,-1,-1
421,2180,235,618,137,66,-1,-1
421,2181,447,518,55,44,-1,-1
421,2182,767,429,99,69,-1,-1
421,2184,58,683,126,61,-1,-1
422,2160,1152,284,74,45,-1,-1
422,2164,1052,325,68,37,-1,-1
422,2177,656,475,100,67,-1,-1
422,2180,235,618,137,66,-1,-1
422,2181,448,518,56,45,-1,-1
422,2182,755,435,94,65,-1,-1
422,2184,63,681,126,61,-1,-1
423,2160,1152,284,74,45,-1,-1
423,2164,1052,325,68,37,-1,-1
423,2177,656,475,100,68,-1,-1
423,2180,236,618,137,66,-1,-1
423,2181,449,518,56,46,-1,-1
423,2182,744,440,89,61,-1,-1
423,2184,68,680,126,61,-1,-1
424,2160,1152,284,74,45,-1,-1
424,2164,1052,325,68,37,-1,-1
424,2177,656,474,100,69,-1,-1
424,2180,235,618,137,66,-1,-1
424,2181,450,517,56,47,-1,-1
424,2182,735,446,85,57,-1,-1
424,2184,72,678,127,61,-1,-1
425,2160,1152,284,74,45,-1,-1
425,2164,1052,325,68,37,-1,-1
425,2177,655,473,100,69,-1,-1
425,2180,236,618,137,66,-1,-1
425,2181,452,517,56,48,-1,-1
425,2182,725,452,80,53,-1,-1
425,2184,76,677,127,61,-1,-1
426,2160,1152,284,74,45,-1,-1
426,2164,1052,325,68,37,-1,-1
426,2177,655,473,101,70,-1,-1
426,2180,236,619,137,66,-1,-1
426,2181,454,517,56,49,-1,-1
426,2182,717,457,74,49,-1,-1
426,2184,80,676,128,61,-1,-1
427,2160,1152,284,74,45,-1,-1
427,2164,1052,325,68,37,-1,-1
427,2177,655,472,101,70,-1,-1
427,2180,235,619,137,66,-1,-1
427,2181,456,517,56,50,-1,-1
427,2184,83,675,128,61,-1,-1
428,2160,1152,284,74,45,-1,-1
428,2164,1052,325,68,37,-1,-1
428,2177,655,472,102,71,-1,-1
428,2180,235,619,137,66,-1,-1
428,2181,458,517,57,51,-1,-1
428,2184,86,674,127,61,-1,-1
429,2160,1152,284,74,45,-1,-1
429,2164,1052,325,68,37,-1,-1
429,2177,654,472,102,71,-1,-1
429,2180,235,619,137,66,-1,-1
429,2181,460,517,57,52,-1,-1
429,2184,88,673,127,62,-1,-1
430,2160,1152,284,74,45,-1,-1
430,2164,1052,325,68,37,-1,-1
430,2177,654,472,102,71,-1,-1
430,2180,235,619,137,66,-1,-1
430,2181,462,516,58,54,-1,-1
430,2184,90,672,127,62,-1,-1
431,2160,1152,284,74,45,-1,-1
431,2164,1052,325,68,37,-1,-1
431,2177,654,472,103,70,-1,-1
431,2180,235,619,137,66,-1,-1
431,2181,464,516,58,55,-1,-1
431,2184,91,671,128,62,-1,-1
432,2160,1152,284,74,45,-1,-1
432,2164,1052,325,68,37,-1,-1
432,2177,654,473,103,70,-1,-1
432,2180,236,619,137,66,-1,-1
432,2181,466,516,58,56,-1,-1
432,2184,92,670,128,62,-1,-1
433,2160,1152,284,74,45,-1,-1
433,2164,1052,325,68,37,-1,-1
433,2177,654,474,103,69,-1,-1
433,2180,236,619,137,66,-1,-1
433,2181,468,516,58,57,-1,-1
433,2184,94,669,128,63,-1,-1
434,2160,1152,284,74,45,-1,-1
434,2164,1052,325,68,37,-1,-1
434,2177,654,475,103,68,-1,-1
434,2180,236,619,137,66,-1,-1
434,2181,470,516,58,58,-1,-1
434,2184,95,669,128,63,-1,-1
435,2160,1152,284,74,45,-1,-1
435,2164,1052,325,68,37,-1,-1
435,2177,654,476,103,67,-1,-1
435,2180,235,619,138,66,-1,-1
435,2181,472,516,59,60,-1,-1
435,2184,95,668,127,63,-1,-1
435,2187,616,462,52,50,-1,-1
436,2160,1152,284,74,45,-1,-1
436,2164,1052,325,68,37,-1,-1
436,2177,654,477,102,65,-1,-1
436,2180,235,619,138,66,-1,-1
436,2181,474,515,60,61,-1,-1
436,2184,96,668,127,63,-1,-1
436,2185,1502,160,92,59,-1,-1
436,2187,613,463,54,50,-1,-1
437,2160,1152,284,74,45,-1,-1
437,2164,1052,325,68,37,-1,-1
437,2177,653,479,101,64,-1,-1
437,2180,236,619,137,66,-1,-1
437,2181,476,515,61,62,-1,-1
437,2184,97,668,127,64,-1,-1
437,2185,1503,160,91,59,-1,-1
437,2187,611,465,55,51,-1,-1
438,2160,1152,284,74,45,-1,-1
438,2164,1052,325,68,37,-1,-1
438,2177,653,480,101,63,-1,-1
438,2180,236,619,138,66,-1,-1
438,2181,478,515,64,64,-1,-1
438,2184,98,667,127,64,-1,-1
438,2185,1504,160,89,58,-1,-1
438,2187,608,467,57,51,-1,-1
439,2160,1152,284,74,45,-1,-1
439,2164,1052,325,68,37,-1,-1
439,2177,653,481,100,62,-1,-1
439,2180,236,619,138,66,-1,-1
439,2181,480,515,67,66,-1,-1
439,2184,98,667,126,64,-1,-1
439,2185,1505,160,88,57,-1,-1
439,2187,605,468,58,51,-1,-1
440,2160,1152,284,74,45,-1,-1
440,2164,1052,325,68,37,-1,-1
440,2177,653,481,99,62,-1,-1
440,2180,234,619,140,66,-1,-1
440,2181,481,515,71,67,-1,-1
440,2184,99,667,126,64,-1,-1
440,2185,1507,160,87,57,-1,-1
440,2187,603,470,60,51,-1,-1
441,2160,1152,284,74,45,-1,-1
441,2164,1052,325,68,37,-1,-1
441,2177,652,482,98,61,-1,-1
441,2180,235,619,141,66,-1,-1
441,2181,482,515,75,69,-1,-1
441,2184,99,667,126,64,-1,-1
441,2185,1508,160,85,56,-1,-1
441,2187,600,472,62,51,-1,-1
442,2160,1152,284,74,45,-1,-1
442,2164,1052,325,68,37,-1,-1
442,2177,651,483,97,60,-1,-1
442,2180,236,619,141,66,-1,-1
442,2181,483,514,78,71,-1,-1
442,2184,100,667,126,64,-1,-1
442,2185,1509,160,84,56,-1,-1
442,2187,597,473,63,52,-1,-1
443,2160,1152,284,74,45,-1,-1
443,2164,1052,325,68,37,-1,-1
443,2177,650,483,96,60,-1,-1
443,2180,236,618,142,66,-1,-1
443,2181,484,514,82,72,-1,-1
443,2184,101,667,126,64,-1,-1
443,2185,1510,160,82,55,-1,-1
443,2187,594,475,65,52,-1,-1
444,2160,1152,284,74,45,-1,-1
444,2164,1052,325,68,37,-1,-1
444,2177,648,484,95,60,-1,-1
444,2180,238,618,139,66,-1,-1
444,2181,486,514,85,74,-1,-1
444,2184,101,667,125,63,-1,-1
444,2185,1512,159,81,54,-1,-1
444,2187,592,477,66,52,-1,-1
445,2160,1152,284,74,45,-1,-1
445,2164,1052,325,68,37,-1,-1
445,2177,647,484,95,59,-1,-1
445,2180,239,618,142,66,-1,-1
445,2181,488,514,90,76,-1,-1
445,2184,102,667,125,63,-1,-1
445,2185,1513,159,80,54,-1,-1
445,2187,589,478,68,52,-1,-1
446,2160,1152,284,74,45,-1,-1
446,2164,1052,325,68,37,-1,-1
446,2177,644,484,94,59,-1,-1
446,2180,244,617,138,66,-1,-1
446,2181,490,514,94,78,-1,-1
446,2184,103,667,124,63,-1,-1
446,2185,1514,159,78,53,-1,-1
446,2187,586,480,70,53,-1,-1
447,2160,1152,284,74,45,-1,-1
447,2164,1052,325,68,37,-1,-1
447,2177,642,485,94,59,-1,-1
447,2180,248,616,137,66,-1,-1
447,2181,494,514,97,80,-1,-1
447,2184,104,667,123,63,-1,-1
447,2185,1515,159,77,52,-1,-1
447,2187,583,482,71,53,-1,-1
448,2160,1152,284,74,45,-1,-1
448,2164,1052,325,68,37,-1,-1
448,2177,639,485,93,58,-1,-1
448,2180,253,616,138,67,-1,-1
448,2181,498,514,100,82,-1,-1
448,2184,105,667,122,63,-1,-1
448,2185,1516,159,75,52,-1,-1
448,2187,581,484,73,53,-1,-1
449,2160,1152,284,74,45,-1,-1
449,2164,1052,325,68,37,-1,-1
449,2177,637,485,93,58,-1,-1
449,2180,256,615,138,67,-1,-1
449,2181,503,513,102,84,-1,-1
449,2184,106,667,122,63,-1,-1
449,2185,1518,159,74,51,-1,-1
449,2187,578,485,74,53,-1,-1
450,2160,1152,284,74,45,-1,-1
450,2164,1052,325,68,37,-1,-1
450,2177,634,486,93,58,-1,-1
450,2180,261,613,137,67,-1,-1
450,2181,509,513,105,86,-1,-1
450,2184,107,666,121,63,-1,-1
450,2185,1519,159,73,50,-1,-1
450,2187,575,487,76,54,-1,-1
451,2160,1152,284,74,45,-1,-1
451,2164,1052,325,68,37,-1,-1
451,2177,631,486,93,57,-1,-1
451,2180,266,612,142,67,-1,-1
451,2181,514,513,109,88,-1,-1
451,2184,108,666,122,63,-1,-1
451,2185,1520,159,71,50,-1,-1
451,2187,572,489,78,54,-1,-1
452,2160,1152,284,74,45,-1,-1
452,2164,1052,325,68,37,-1,-1
452,2177,628,487,92,57,-1,-1
452,2180,275,611,137,67,-1,-1
452,2181,520,513,114,90,-1,-1
452,2184,109,666,123,63,-1,-1
452,2185,1521,159,70,49,-1,-1
452,2187,570,490,79,54,-1,-1
453,2160,1152,284,74,45,-1,-1
453,2164,1052,325,68,37,-1,-1
453,2177,626,487,91,56,-1,-1
453,2180,285,609,130,68,-1,-1
453,2181,527,512,119,92,-1,-1
453,2184,111,665,126,62,-1,-1
453,2185,1523,159,68,49,-1,-1
453,2187,567,492,81,54,-1,-1
454,2160,1152,284,74,45,-1,-1
454,2164,1052,325,68,37,-1,-1
454,2177,624,488,91,56,-1,-1
454,2180,292,607,126,68,-1,-1
454,2181,533,512,125,94,-1,-1
454,2184,112,664,130,62,-1,-1
454,2185,1524,158,67,48,-1,-1
454,2187,564,494,82,55,-1,-1
455,2160,1152,284,74,45,-1,-1
455,2164,1052,325,68,37,-1,-1
455,2177,622,489,90,55,-1,-1
455,2180,298,605,133,68,-1,-1
455,2181,539,512,132,97,-1,-1
455,2184,114,664,134,62,-1,-1
455,2185,1525,158,66,47,-1,-1
455,2187,561,495,84,55,-1,-1
456,2160,1152,284,74,45,-1,-1
456,2164,1052,325,68,37,-1,-1
456,2177,621,489,88,54,-1,-1
456,2180,310,602,138,69,-1,-1
456,2181,546,511,137,99,-1,-1
456,2184,116,663,139,62,-1,-1
456,2185,1526,158,64,47,-1,-1
456,2187,559,497,86,55,-1,-1
457,2160,1152,284,74,45,-1,-1
457,2164,1052,325,68,37,-1,-1
457,2177,619,490,87,53,-1,-1
457,2180,314,600,142,69,-1,-1
457,2181,554,511,143,102,-1,-1
457,2184,118,662,142,62,-1,-1
457,2185,1527,158,63,46,-1,-1
457,2187,556,499,87,55,-1,-1
458,2160,1152,284,74,45,-1,-1
458,2164,1052,325,68,37,-1,-1
458,2180,324,597,144,69,-1,-1
458,2181,562,510,150,105,-1,-1
458,2184,121,661,142,62,-1,-1
458,2185,1529,158,61,45,-1,-1
458,2187,553,500,89,56,-1,-1
459,2160,1152,284,74,45,-1,-1
459,2164,1052,325,68,37,-1,-1
459,2180,337,594,138,70,-1,-1
459,2181,572,509,157,109,-1,-1
459,2184,125,660,140,63,-1,-1
459,2185,1530,158,60,45,-1,-1
459,2187,550,502,90,56,-1,-1
460,2160,1152,284,74,45,-1,-1
460,2164,1052,325,68,37,-1,-1
460,2180,338,592,152,70,-1,-1
460,2181,583,509,165,112,-1,-1
460,2184,128,659,136,63,-1,-1
460,2185,1531,158,59,44,-1,-1
460,2186,1175,393,394,141,-1,-1
460,2187,548,504,92,56,-1,-1
461,2160,1152,284,74,45,-1,-1
461,2164,1052,325,68,37,-1,-1
461,2180,358,589,135,71,-1,-1
461,2181,595,508,174,117,-1,-1
461,2184,132,658,130,63,-1,-1
461,2186,1149,397,365,136,-1,-1
461,2187,545,505,94,56,-1,-1
462,2160,1152,284,74,45,-1,-1
462,2164,1052,325,68,37,-1,-1
462,2180,368,585,128,71,-1,-1
462,2181,608,507,185,121,-1,-1
462,2184,137,657,124,63,-1,-1
462,2186,1122,401,338,132,-1,-1
462,2187,542,507,95,57,-1,-1
463,2160,1152,284,74,45,-1,-1
463,2164,1052,325,68,37,-1,-1
463,2180,375,582,133,72,-1,-1
463,2181,622,505,198,127,-1,-1
463,2184,142,655,118,63,-1,-1
463,2186,1094,405,315,128,-1,-1
463,2187,539,509,97,57,-1,-1
464,2160,1152,284,74,45,-1,-1
464,2164,1052,325,68,37,-1,-1
464,2180,384,579,141,72,-1,-1
464,2181,637,504,213,133,-1,-1
464,2184,146,654,114,63,-1,-1
464,2186,1068,409,293,123,-1,-1
464,2187,537,510,98,57,-1,-1
465,2160,1152,284,74,45,-1,-1
465,2164,1052,325,68,37,-1,-1
465,2180,392,576,144,73,-1,-1
465,2181,653,502,227,141,-1,-1
465,2184,152,652,112,63,-1,-1
465,2186,1043,413,274,118,-1,-1
465,2187,534,512,100,57,-1,-1
466,2160,1152,284,74,45,-1,-1
466,2164,1052,325,68,37,-1,-1
466,2180,409,572,142,74,-1,-1
466,2181,670,499,242,149,-1,-1
466,2184,157,650,111,63,-1,-1
466,2186,1019,417,257,114,-1,-1
467,2160,1152,284,74,45,-1,-1
467,2164,1052,325,68,37,-1,-1
467,2180,414,569,139,75,-1,-1
467,2181,689,497,256,158,-1,-1
467,2184,163,648,112,62,-1,-1
467,2186,998,421,240,110,-1,-1
468,2160,1152,284,74,45,-1,-1
468,2164,1052,325,68,37,-1,-1
468,2180,429,566,143,75,-1,-1
468,2181,708,494,273,169,-1,-1
468,2184,170,646,114,61,-1,-1
468,2186,978,425,225,105,-1,-1
469,2160,1152,284,74,45,-1,-1
469,2164,1052,325,68,37,-1,-1
469,2180,442,563,133,76,-1,-1
469,2181,730,490,293,180,-1,-1
469,2184,176,644,116,60,-1,-1
469,2186,960,428,211,101,-1,-1
469,2188,1071,298,116,62,-1,-1
470,2160,1152,284,74,45,-1,-1
470,2164,1052,325,68,37,-1,-1
470,2180,448,560,136,77,-1,-1
470,2181,754,487,318,192,-1,-1
470,2184,183,642,119,59,-1,-1
470,2186,944,432,198,97,-1,-1
470,2188,1065,301,116,63,-1,-1
471,2160,1152,284,74,45,-1,-1
471,2164,1052,325,68,37,-1,-1
471,2180,459,557,138,78,-1,-1
471,2181,781,483,350,206,-1,-1
471,2184,191,639,122,57,-1,-1
471,2186,929,435,187,94,-1,-1
471,2188,1059,304,115,62,-1,-1
472,2160,1152,284,74,45,-1,-1
472,2164,1052,325,68,37,-1,-1
472,2180,473,554,134,78,-1,-1
472,2181,811,478,391,220,-1,-1
472,2184,198,637,125,56,-1,-1
472,2186,913,438,178,90,-1,-1
472,2188,1052,308,113,62,-1,-1
473,2160,1152,284,74,45,-1,-1
473,2164,1052,325,68,37,-1,-1
473,2180,475,552,150,79,-1,-1
473,2181,846,473,439,235,-1,-1
473,2184,205,634,127,56,-1,-1
473,2186,897,441,170,88,-1,-1
473,2188,1044,311,111,62,-1,-1
474,2160,1152,284,74,45,-1,-1
474,2164,1052,325,68,37,-1,-1
474,2180,493,550,137,80,-1,-1
474,2181,886,468,491,250,-1,-1
474,2184,212,631,128,56,-1,-1
474,2186,880,443,165,85,-1,-1
474,2188,1035,315,108,62,-1,-1
474,2189,405,555,109,59,-1,-1
475,2160,1152,284,74,45,-1,-1
475,2164,1052,325,68,37,-1,-1
475,2180,509,548,137,81,-1,-1
475,2181,933,463,534,266,-1,-1
475,2184,219,629,129,56,-1,-1
475,2186,864,446,161,83,-1,-1
475,2188,1025,318,106,62,-1,-1
475,2189,388,560,108,59,-1,-1
476,2160,1152,284,74,45,-1,-1
476,2164,1052,325,68,37,-1,-1
476,2180,517,546,138,81,-1,-1
476,2181,988,457,553,283,-1,-1
476,2184,226,626,131,57,-1,-1
476,2186,848,448,158,81,-1,-1
476,2188,1014,322,103,62,-1,-1
476,2189,372,565,108,59,-1,-1
477,2160,1152,284,74,45,-1,-1
477,2164,1052,325,68,37,-1,-1
477,2180,529,544,134,82,-1,-1
477,2181,1051,451,534,299,-1,-1
477,2184,232,624,132,58,-1,-1
477,2186,832,450,155,79,-1,-1
477,2188,1002,326,102,62,-1,-1
477,2189,356,570,108,59,-1,-1
478,2160,1152,284,74,45,-1,-1
478,2164,1052,325,68,37,-1,-1
478,2180,541,542,137,83,-1,-1
478,2181,1122,445,479,316,-1,-1
478,2184,239,621,134,60,-1,-1
478,2186,817,453,153,77,-1,-1
478,2188,990,329,101,62,-1,-1
478,2189,339,575,107,59,-1,-1
479,2160,1152,284,74,45,-1,-1
479,2164,1052,325,68,37,-1,-1
479,2180,546,540,146,84,-1,-1
479,2181,1203,439,399,333,-1,-1
479,2184,245,619,135,61,-1,-1
479,2186,803,455,150,76,-1,-1
479,2188,977,333,101,62,-1,-1
479,2189,323,580,107,59,-1,-1
480,2160,1152,284,74,45,-1,-1
480,2164,1052,325,68,37,-1,-1
480,2180,564,539,140,86,-1,-1
480,2181,1294,433,303,349,-1,-1
480,2184,252,617,135,63,-1,-1
480,2186,790,457,147,75,-1,-1
480,2188,964,337,102,61,-1,-1
480,2189,306,586,107,58,-1,-1
481,2160,1152,284,74,45,-1,-1
481,2164,1052,325,68,37,-1,-1
481,2180,571,537,144,87,-1,-1
481,2181,1392,427,197,366,-1,-1
481,2184,259,614,136,65,-1,-1
481,2186,777,459,143,74,-1,-1
481,2188,950,341,104,61,-1,-1
481,2189,290,591,107,58,-1,-1
482,2160,1152,284,74,45,-1,-1
482,2164,1052,325,68,37,-1,-1
482,2180,582,536,148,89,-1,-1
482,2184,267,612,135,66,-1,-1
482,2186,765,461,139,73,-1,-1
482,2188,937,345,107,61,-1,-1
482,2189,273,596,106,58,-1,-1
483,2160,1152,284,74,45,-1,-1
483,2164,1052,325,68,37,-1,-1
483,2180,591,535,160,91,-1,-1
483,2184,276,610,135,68,-1,-1
483,2186,753,463,136,72,-1,-1
483,2188,923,348,112,61,-1,-1
483,2189,257,601,106,58,-1,-1
484,2160,1152,284,74,45,-1,-1
484,2164,1052,325,68,37,-1,-1
484,2180,607,533,156,93,-1,-1
484,2184,284,608,134,69,-1,-1
484,2186,741,465,132,71,-1,-1
484,2188,910,352,117,61,-1,-1
484,2189,240,606,106,58,-1,-1
485,2160,1152,284,74,45,-1,-1
485,2164,1052,325,68,37,-1,-1
485,2180,615,532,161,95,-1,-1
485,2184,294,606,132,70,-1,-1
485,2186,729,467,129,70,-1,-1
485,2188,897,356,123,61,-1,-1
485,2189,224,611,105,58,-1,-1
486,2160,1152,284,74,45,-1,-1
486,2164,1052,325,68,37,-1,-1
486,2180,631,530,173,98,-1,-1
486,2184,303,605,131,70,-1,-1
486,2186,717,469,126,69,-1,-1
486,2188,884,359,129,61,-1,-1
486,2189,207,617,105,57,-1,-1
487,2160,1152,284,74,45,-1,-1
487,2164,1052,325,68,37,-1,-1
487,2180,647,529,175,102,-1,-1
487,2184,313,603,130,71,-1,-1
487,2186,704,471,123,68,-1,-1
487,2188,872,362,135,62,-1,-1
487,2189,191,622,105,57,-1,-1
487,2190,1223,351,290,117,-1,-1
488,2160,1152,284,74,45,-1,-1
488,2164,1052,325,68,37,-1,-1
488,2180,660,528,185,106,-1,-1
488,2184,323,601,128,71,-1,-1
488,2186,692,474,121,68,-1,-1
488,2188,860,366,139,62,-1,-1
488,2189,175,627,105,57,-1,-1
488,2190,1181,358,266,112,-1,-1
489,2160,1152,284,74,45,-1,-1
489,2164,1052,325,68,37,-1,-1
489,2180,683,526,184,110,-1,-1
489,2184,333,600,127,71,-1,-1
489,2186,679,476,119,67,-1,-1
489,2188,849,369,141,62,-1,-1
489,2189,158,632,104,57,-1,-1
489,2190,1141,365,244,107,-1,-1
490,2160,1152,284,74,45,-1,-1
490,2164,1052,325,68,37,-1,-1
490,2180,696,525,210,115,-1,-1
490,2184,342,598,125,71,-1,-1
490,2186,666,479,118,66,-1,-1
490,2188,839,372,140,62,-1,-1
490,2189,142,637,104,57,-1,-1
490,2190,1102,372,225,102,-1,-1
491,2160,1152,284,74,45,-1,-1
491,2164,1052,325,68,37,-1,-1
491,2180,716,523,210,121,-1,-1
491,2184,352,597,124,72,-1,-1
491,2186,654,482,116,65,-1,-1
491,2188,830,375,137,62,-1,-1
491,2189,125,642,104,57,-1,-1
491,2190,1066,379,207,97,-1,-1
492,2160,1152,284,74,45,-1,-1
492,2164,1052,325,68,37,-1,-1
492,2180,728,521,233,127,-1,-1
492,2184,361,595,123,72,-1,-1
492,2186,641,485,114,64,-1,-1
492,2188,822,378,133,63,-1,-1
492,2189,109,647,103,56,-1,-1
492,2190,1031,386,192,93,-1,-1
493,2160,1152,284,74,45,-1,-1
493,2164,1052,325,68,37,-1,-1
493,2180,749,519,245,135,-1,-1
493,2184,369,594,122,73,-1,-1
493,2186,628,488,112,64,-1,-1
493,2188,814,380,130,63,-1,-1
493,2189,92,653,103,56,-1,-1
493,2190,999,392,179,89,-1,-1
494,2160,1152,284,74,45,-1,-1
494,2164,1052,325,68,37,-1,-1
494,2180,778,517,256,143,-1,-1
494,2184,377,593,121,74,-1,-1
494,2186,615,492,110,63,-1,-1
494,2188,808,383,127,63,-1,-1
494,2189,76,658,103,56,-1,-1
494,2190,968,399,168,85,-1,-1
495,2160,1152,284,74,45,-1,-1
495,2164,1052,325,68,37,-1,-1
495,2180,806,515,266,151,-1,-1
495,2184,385,592,120,75,-1,-1
495,2186,602,495,108,62,-1,-1
495,2188,802,385,126,63,-1,-1
495,2189,59,663,102,56,-1,-1
495,2190,940,404,159,82,-1,-1
496,2160,1152,284,74,45,-1,-1
496,2164,1052,325,68,37,-1,-1
496,2180,838,513,288,161,-1,-1
496,2184,393,592,119,76,-1,-1
496,2186,588,499,107,62,-1,-1
496,2188,797,388,126,63,-1,-1
496,2189,43,668,102,56,-1,-1
496,2190,913,410,151,79,-1,-1
497,2160,1152,284,74,45,-1,-1
497,2164,1052,325,68,37,-1,-1
497,2180,863,510,330,171,-1,-1
497,2184,400,591,118,77,-1,-1
497,2186,574,503,106,61,-1,-1
497,2188,792,390,127,63,-1,-1
497,2189,26,673,102,55,-1,-1
497,2190,888,415,144,76,-1,-1
498,2160,1152,284,74,45,-1,-1
498,2164,1052,325,68,37,-1,-1
498,2180,901,508,368,182,-1,-1
498,2184,407,591,117,79,-1,-1
498,2186,560,507,106,60,-1,-1
498,2188,787,393,129,63,-1,-1
498,2189,10,678,102,55,-1,-1
498,2190,865,420,137,73,-1,-1
499,2160,1152,284,74,45,-1,-1
499,2164,1052,325,68,37,-1,-1
499,2180,939,506,405,193,-1,-1
499,2184,414,591,116,81,-1,-1
499,2186,545,512,105,60,-1,-1
499,2188,783,395,131,63,-1,-1
499,2189,-6,684,101,55,-1,-1
499,2190,843,424,132,71,-1,-1
500,2160,1152,284,74,45,-1,-1
500,2164,1052,325,68,37,-1,-1
500,2180,984,503,432,205,-1,-1
500,2184,420,591,116,83,-1,-1
500,2186,531,516,105,59,-1,-1
500,2188,780,397,132,63,-1,-1
500,2189,-23,689,101,55,-1,-1
500,2190,822,428,127,69,-1,-1
501,2160,1152,284,74,45,-1,-1
501,2164,1052,325,68,37,-1,-1
501,2180,1040,501,473,218,-1,-1
501,2184,427,591,116,85,-1,-1
501,2186,516,520,105,59,-1,-1
501,2188,776,399,132,62,-1,-1
501,2190,803,432,121,68,-1,-1
502,2160,1152,284,74,45,-1,-1
502,2164,1052,325,68,37,-1,-1
502,2180,1090,498,504,231,-1,-1
502,2184,434,592,116,87,-1,-1
502,2186,501,525,105,58,-1,-1
502,2188,772,401,131,62,-1,-1
502,2190,786,435,117,66,-1,-1
503,2160,1152,284,74,45,-1,-1
503,2164,1052,325,68,37,-1,-1
503,2180,1158,496,430,244,-1,-1
503,2184,440,592,118,90,-1,-1
503,2186,486,530,105,58,-1,-1
503,2188,768,403,129,62,-1,-1
503,2190,770,439,112,64,-1,-1
504,2160,1152,284,74,45,-1,-1
504,2164,1052,325,68,37,-1,-1
504,2184,447,593,120,93,-1,-1
504,2186,470,535,106,58,-1,-1
504,2188,765,405,126,61,-1,-1
504,2190,755,442,107,63,-1,-1
505,2160,1152,284,74,45,-1,-1
505,2164,1052,325,68,37,-1,-1
505,2184,453,594,123,96,-1,-1
505,2186,455,540,106,57,-1,-1
505,2188,761,407,122,61,-1,-1
505,2190,741,445,102,61,-1,-1
506,2160,1152,284,74,45,-1,-1
506,2164,1052,325,68,37,-1,-1
506,2184,460,595,126,99,-1,-1
506,2186,439,545,106,57,-1,-1
506,2188,757,409,117,60,-1,-1
506,2190,728,447,98,60,-1,-1
507,2160,1152,284,74,45,-1,-1
507,2164,1052,325,68,37,-1,-1
507,2184,466,596,130,103,-1,-1
507,2186,423,550,106,57,-1,-1
507,2188,753,411,112,59,-1,-1
507,2190,716,450,94,58,-1,-1
508,2160,1151,284,74,45,-1,-1
508,2164,1052,325,68,37,-1,-1
508,2184,472,597,134,106,-1,-1
508,2186,407,555,106,56,-1,-1
508,2188,749,413,107,59,-1,-1
508,2190,705,453,90,57,-1,-1
509,2160,1151,284,74,45,-1,-1
509,2164,1052,325,68,37,-1,-1
509,2184,479,598,139,110,-1,-1
509,2186,391,561,106,56,-1,-1
509,2188,746,415,102,58,-1,-1
509,2190,694,455,87,56,-1,-1
510,2160,1151,284,74,45,-1,-1
510,2164,1052,325,68,37,-1,-1
510,2184,485,600,144,114,-1,-1
510,2186,375,566,105,56,-1,-1
510,2188,742,416,97,57,-1,-1
510,2190,684,458,83,54,-1,-1
511,2160,1151,284,75,45,-1,-1
511,2164,1052,325,68,37,-1,-1
511,2184,492,601,149,118,-1,-1
511,2186,359,572,104,55,-1,-1
511,2188,738,418,93,57,-1,-1
511,2190,675,460,80,53,-1,-1
512,2160,1151,284,75,45,-1,-1
512,2164,1052,325,68,37,-1,-1
512,2184,499,603,156,123,-1,-1
512,2186,343,577,104,55,-1,-1
512,2188,735,420,90,56,-1,-1
512,2190,666,462,77,51,-1,-1
513,2160,1151,284,75,45,-1,-1
513,2164,1052,325,68,37,-1,-1
513,2184,506,605,163,128,-1,-1
513,2186,327,582,103,55,-1,-1
513,2188,731,421,89,55,-1,-1
513,2190,657,464,74,50,-1,-1
514,2160,1151,284,75,45,-1,-1
514,2164,1052,325,68,37,-1,-1
514,2184,514,607,172,133,-1,-1
514,2186,311,588,102,55,-1,-1
514,2188,728,422,89,55,-1,-1
514,2190,649,466,71,49,-1,-1
515,2160,1151,284,75,45,-1,-1
515,2164,1052,325,68,37,-1,-1
515,2184,522,610,182,138,-1,-1
515,2186,295,593,101,54,-1,-1
515,2188,724,424,91,54,-1,-1
515,2190,641,468,68,48,-1,-1
516,2160,1151,284,75,45,-1,-1
516,2164,1052,325,68,37,-1,-1
516,2184,531,613,192,145,-1,-1
516,2186,280,598,100,54,-1,-1
516,2188,721,425,95,54,-1,-1
516,2190,634,470,65,47,-1,-1
517,2160,1151,284,75,45,-1,-1
517,2164,1052,325,68,37,-1,-1
517,2184,542,617,204,152,-1,-1
517,2186,264,603,98,54,-1,-1
517,2188,718,426,99,54,-1,-1
517,2190,626,471,63,46,-1,-1
518,2160,1151,284,75,45,-1,-1
518,2164,1052,325,68,37,-1,-1
518,2184,554,620,217,160,-1,-1
518,2186,248,608,97,54,-1,-1
518,2188,716,427,104,53,-1,-1
518,2190,620,473,61,45,-1,-1
519,2160,1151,284,75,45,-1,-1
519,2164,1052,325,68,37,-1,-1
519,2184,567,625,232,170,-1,-1
519,2186,232,613,97,54,-1,-1
519,2188,713,428,108,53,-1,-1
519,2190,613,474,59,44,-1,-1
520,2160,1151,284,75,45,-1,-1
520,2164,1052,325,68,37,-1,-1
520,2184,583,630,248,182,-1,-1
520,2186,214,618,97,54,-1,-1
520,2188,710,429,111,53,-1,-1
520,2190,607,476,57,43,-1,-1
521,2160,1151,284,75,45,-1,-1
521,2164,1052,325,68,37,-1,-1
521,2184,601,635,267,196,-1,-1
521,2186,197,622,97,54,-1,-1
521,2188,708,430,112,53,-1,-1
521,2190,602,477,55,43,-1,-1
522,2160,1151,284,75,45,-1,-1
522,2164,1052,325,68,37,-1,-1
522,2184,622,641,290,213,-1,-1
522,2188,705,431,113,53,-1,-1
522,2190,596,478,54,42,-1,-1
523,2160,1151,284,75,45,-1,-1
523,2164,1052,325,68,37,-1,-1
523,2184,647,647,318,233,-1,-1
523,2188,702,432,112,53,-1,-1
523,2190,591,479,53,41,-1,-1
524,2160,1151,284,75,45,-1,-1
524,2164,1052,325,68,37,-1,-1
524,2184,674,654,353,256,-1,-1
524,2188,700,433,111,53,-1,-1
524,2190,586,480,51,40,-1,-1
525,2160,1151,284,75,45,-1,-1
525,2164,1052,325,68,37,-1,-1
525,2184,704,661,396,283,-1,-1
525,2188,696,434,111,53,-1,-1
525,2190,581,481,50,40,-1,-1
526,2160,1151,284,75,46,-1,-1
526,2164,1052,325,68,37,-1,-1
526,2184,738,668,449,314,-1,-1
526,2188,693,435,110,53,-1,-1
526,2190,577,482,49,39,-1,-1
527,2160,1151,284,75,46,-1,-1
527,2164,1052,325,68,37,-1,-1
527,2184,774,676,512,348,-1,-1
527,2188,689,436,111,53,-1,-1
527,2190,572,482,48,38,-1,-1
528,2160,1151,284,75,46,-1,-1
528,2164,1052,325,68,37,-1,-1
528,2184,812,683,584,385,-1,-1
528,2188,685,437,112,53,-1,-1
528,2190,568,483,47,38,-1,-1
529,2160,1151,284,75,46,-1,-1
529,2164,1051,325,68,37,-1,-1
529,2188,681,438,114,53,-1,-1
529,2190,564,484,46,37,-1,-1
530,2160,1151,284,75,46,-1,-1
530,2164,1051,325,68,37,-1,-1
530,2188,676,439,115,53,-1,-1
530,2190,560,484,45,36,-1,-1
531,2160,1151,284,75,46,-1,-1
531,2164,1051,325,68,37,-1,-1
531,2188,671,441,116,52,-1,-1
531,2190,557,485,43,36,-1,-1
532,2160,1151,284,75,46,-1,-1
532,2164,1051,325,68,37,-1,-1
532,2188,666,442,117,52,-1,-1
532,2190,554,485,42,35,-1,-1
533,2160,1151,284,75,46,-1,-1
533,2164,1051,325,68,37,-1,-1
533,2188,660,444,117,52,-1,-1
533,2190,551,486,41,35,-1,-1
534,2160,1151,284,75,46,-1,-1
534,2164,1051,325,68,37,-1,-1
534,2188,655,445,116,52,-1,-1
534,2190,548,486,40,34,-1,-1
535,2160,1151,284,75,46,-1,-1
535,2164,1051,325,68,37,-1,-1
535,2188,650,447,114,52,-1,-1
535,2190,546,487,39,33,-1,-1
536,2160,1151,284,75,46,-1,-1
536,2164,1051,325,68,37,-1,-1
536,2188,644,448,112,51,-1,-1
536,2190,544,487,38,32,-1,-1
537,2160,1151,284,75,46,-1,-1
537,2164,1051,325,68,37,-1,-1
537,2188,639,450,110,51,-1,-1
537,2190,542,488,38,32,-1,-1
538,2160,1151,284,75,46,-1,-1
538,2164,1051,325,68,37,-1,-1
538,2188,634,452,108,50,-1,-1
538,2190,541,489,37,31,-1,-1
539,2160,1151,284,75,46,-1,-1
539,2164,1051,325,68,37,-1,-1
539,2188,629,454,106,50,-1,-1
539,2190,539,490,36,30,-1,-1
540,2160,1151,284,75,46,-1,-1
540,2164,1051,325,68,37,-1,-1
540,2188,624,456,104,49,-1,-1
541,2160,1151,284,75,46,-1,-1
541,2164,1051,325,68,37,-1,-1
541,2188,620,458,102,49,-1,-1
542,2160,1151,284,75,46,-1,-1
542,2164,1051,325,68,37,-1,-1
542,2188,615,460,100,48,-1,-1
543,2160,1151,284,75,46,-1,-1
543,2164,1051,325,68,37,-1,-1
543,2188,611,462,97,47,-1,-1
544,2160,1151,284,75,46,-1,-1
544,2164,1051,325,68,37,-1,-1
544,2188,607,464,94,46,-1,-1
545,2160,1151,284,75,46,-1,-1
545,2164,1051,325,68,37,-1,-1
545,2188,603,466,90,45,-1,-1
546,2160,1151,284,75,46,-1,-1
546,2164,1051,325,68,37,-1,-1
546,2188,599,468,87,44,-1,-1
547,2160,1151,284,75,46,-1,-1
547,2164,1051,325,68,37,-1,-1
547,2188,596,470,83,44,-1,-1
548,2160,1151,284,75,46,-1,-1
548,2164,1051,325,68,37,-1,-1
548,2188,592,472,80,43,-1,-1
549,2160,1151,284,75,46,-1,-1
549,2164,1051,325,68,37,-1,-1
549,2188,589,473,76,42,-1,-1
550,2160,1151,284,75,46,-1,-1
550,2164,1051,325,68,37,-1,-1
550,2188,587,475,73,41,-1,-1
551,2160,1151,284,75,46,-1,-1
551,2164,1051,325,69,37,-1,-1
551,2188,584,477,70,40,-1,-1
552,2160,1151,284,75,46,-1,-1
552,2164,1051,325,69,37,-1,-1
552,2188,581,478,67,40,-1,-1
553,2160,1151,284,75,46,-1,-1
553,2164,1051,325,69,37,-1,-1
553,2188,579,480,64,39,-1,-1
554,2160,1151,284,75,46,-1,-1
554,2164,1051,325,69,37,-1,-1
554,2188,576,481,62,38,-1,-1
555,2160,1151,284,75,46,-1,-1
555,2164,1051,325,69,37,-1,-1
555,2188,573,482,60,38,-1,-1
556,2160,1151,284,75,46,-1,-1
556,2164,1051,325,69,37,-1,-1
556,2188,571,483,59,37,-1,-1
557,2160,1151,284,75,46,-1,-1
557,2164,1051,325,69,37,-1,-1
557,2188,568,484,58,37,-1,-1
558,2160,1151,284,75,46,-1,-1
558,2164,1051,325,69,37,-1,-1
558,2188,566,485,57,36,-1,-1
559,2160,1151,284,75,46,-1,-1
559,2164,1051,325,69,37,-1,-1
559,2188,563,485,56,36,-1,-1
560,2160,1151,284,75,46,-1,-1
560,2164,1051,325,69,37,-1,-1
560,2188,561,486,55,36,-1,-1
561,2160,1151,284,75,46,-1,-1
561,2164,1051,325,69,37,-1,-1
561,2188,558,486,54,35,-1,-1
562,2160,1151,284,75,46,-1,-1
562,2164,1051,325,69,37,-1,-1
562,2188,556,487,53,35,-1,-1
563,2160,1151,284,75,46,-1,-1
563,2164,1051,325,69,37,-1,-1
563,2188,553,487,51,35,-1,-1
564,2160,1151,284,75,46,-1,-1
564,2164,1051,325,69,37,-1,-1
564,2188,551,487,49,35,-1,-1
565,2160,1151,284,75,46,-1,-1
565,2164,1051,325,69,37,-1,-1
565,2188,549,487,47,35,-1,-1
566,2160,1151,284,75,46,-1,-1
566,2164,1051,325,69,37,-1,-1
566,2188,547,487,46,34,-1,-1
567,2160,1151,284,75,46,-1,-1
567,2164,1051,325,69,37,-1,-1
567,2188,545,488,45,34,-1,-1
568,2160,1151,284,75,46,-1,-1
568,2164,1051,325,69,37,-1,-1
568,2188,544,488,45,34,-1,-1
569,2160,1151,284,75,46,-1,-1
569,2164,1051,325,69,37,-1,-1
569,2188,543,488,45,34,-1,-1
570,2160,1151,284,75,46,-1,-1
570,2164,1051,325,69,37,-1,-1
570,2188,541,488,46,33,-1,-1
571,2160,1151,284,75,46,-1,-1
571,2164,1051,325,69,37,-1,-1
571,2188,540,489,45,33,-1,-1
572,2160,1151,284,75,46,-1,-1
572,2164,1051,325,69,37,-1,-1
572,2188,539,489,45,33,-1,-1
573,2160,1151,284,75,46,-1,-1
573,2164,1051,325,69,37,-1,-1
573,2188,538,489,43,32,-1,-1
574,2160,1151,284,75,46,-1,-1
574,2164,1051,325,69,37,-1,-1
575,2160,1151,284,75,46,-1,-1
575,2164,1051,325,69,37,-1,-1
576,2160,1151,284,75,46,-1,-1
576,2164,1051,325,69,37,-1,-1
577,2160,1151,284,75,46,-1,-1
577,2164,1051,325,69,37,-1,-1
578,2160,1151,284,75,46,-1,-1
578,2164,1051,325,69,37,-1,-1
579,2160,1151,284,75,46,-1,-1
579,2164,1051,325,69,37,-1,-1
580,2160,1151,284,75,46,-1,-1
580,2164,1051,325,69,37,-1,-1
581,2160,1151,284,75,46,-1,-1
581,2164,1051,325,69,37,-1,-1
582,2160,1151,284,75,46,-1,-1
582,2164,1051,325,69,37,-1,-1
583,2160,1151,284,75,46,-1,-1
583,2164,1051,325,69,37,-1,-1
584,2160,1151,284,75,46,-1,-1
584,2164,1051,325,69,37,-1,-1
585,2160,1151,284,75,46,-1,-1
585,2164,1051,325,69,37,-1,-1
586,2160,1151,284,75,46,-1,-1
586,2164,1051,325,69,37,-1,-1
587,2160,1151,284,75,46,-1,-1
587,2164,1051,325,69,37,-1,-1
588,2160,1151,284,75,46,-1,-1
588,2164,1051,325,69,37,-1,-1
589,2160,1151,284,75,46,-1,-1
589,2164,1051,325,69,37,-1,-1
590,2160,1151,284,75,46,-1,-1
590,2164,1051,325,69,37,-1,-1
591,2160,1151,284,75,46,-1,-1
591,2164,1051,325,69,37,-1,-1
592,2160,1151,284,75,46,-1,-1
592,2164,1051,325,69,37,-1,-1
593,2160,1151,284,75,46,-1,-1
593,2164,1051,325,69,37,-1,-1
594,2160,1151,284,75,46,-1,-1
594,2164,1051,325,69,37,-1,-1
595,2160,1151,284,75,46,-1,-1
595,2164,1051,325,69,37,-1,-1
596,2160,1151,284,75,46,-1,-1
596,2164,1051,325,69,37,-1,-1
597,2160,1151,284,75,46,-1,-1
597,2164,1051,325,69,37,-1,-1
598,2160,1151,284,75,46,-1,-1
598,2164,1051,325,69,37,-1,-1
599,2160,1151,284,75,46,-1,-1
599,2164,1051,325,69,37,-1,-1
600,2160,1151,284,75,46,-1,-1
600,2164,1051,325,69,37,-1,-1
600,2192,432,536,24,16,-1,-1
601,2160,1151,284,75,46,-1,-1
601,2164,1051,325,69,37,-1,-1
601,2192,432,535,25,16,-1,-1
602,2160,1151,284,75,46,-1,-1
602,2164,1051,325,69,37,-1,-1
602,2192,433,535,25,17,-1,-1
603,2160,1151,284,75,46,-1,-1
603,2164,1051,325,69,37,-1,-1
603,2192,434,534,26,17,-1,-1
604,2160,1151,284,76,46,-1,-1
604,2164,1051,325,69,37,-1,-1
604,2192,434,534,26,18,-1,-1
605,2160,1151,284,76,46,-1,-1
605,2164,1051,325,69,37,-1,-1
605,2192,435,534,26,18,-1,-1
606,2160,1151,284,76,46,-1,-1
606,2164,1051,325,69,37,-1,-1
606,2192,436,533,27,19,-1,-1
607,2160,1151,284,76,46,-1,-1
607,2164,1051,325,69,37,-1,-1
607,2192,436,533,27,19,-1,-1
608,2160,1151,284,76,46,-1,-1
608,2164,1051,325,69,37,-1,-1
608,2192,437,533,28,20,-1,-1
609,2160,1151,284,76,46,-1,-1
609,2164,1051,325,69,37,-1,-1
609,2192,438,532,28,20,-1,-1
610,2160,1151,284,76,46,-1,-1
610,2164,1051,325,69,37,-1,-1
610,2192,438,532,29,20,-1,-1
611,2160,1151,284,76,46,-1,-1
611,2164,1051,325,69,37,-1,-1
611,2192,439,531,29,21,-1,-1
612,2160,1151,284,76,46,-1,-1
612,2164,1051,325,69,37,-1,-1
612,2192,440,531,29,21,-1,-1
613,2160,1151,284,76,46,-1,-1
613,2164,1051,325,69,37,-1,-1
613,2192,440,531,30,22,-1,-1
614,2160,1151,284,76,46,-1,-1
614,2164,1051,325,69,37,-1,-1
614,2192,441,530,30,22,-1,-1
615,2160,1151,284,76,46,-1,-1
615,2164,1051,325,69,37,-1,-1
615,2192,441,530,31,23,-1,-1
616,2160,1151,284,76,46,-1,-1
616,2164,1051,325,69,37,-1,-1
616,2191,1207,337,303,125,-1,-1
616,2192,442,530,31,23,-1,-1
617,2160,1151,284,76,46,-1,-1
617,2164,1051,325,69,37,-1,-1
617,2191,1184,343,291,121,-1,-1
617,2192,443,529,32,24,-1,-1
618,2160,1151,284,76,46,-1,-1
618,2164,1051,325,69,37,-1,-1
618,2191,1160,349,280,117,-1,-1
618,2192,443,529,32,24,-1,-1
619,2160,1151,284,76,46,-1,-1
619,2164,1051,325,69,37,-1,-1
619,2191,1137,354,268,113,-1,-1
619,2192,444,528,32,25,-1,-1
620,2160,1151,284,76,46,-1,-1
620,2164,1051,325,69,37,-1,-1
620,2191,1113,360,257,110,-1,-1
620,2192,445,528,33,25,-1,-1
621,2160,1151,284,76,46,-1,-1
621,2164,1051,325,69,37,-1,-1
621,2191,1089,366,245,106,-1,-1
621,2192,445,528,33,26,-1,-1
622,2160,1151,284,76,46,-1,-1
622,2164,1051,325,69,37,-1,-1
622,2191,1066,372,234,102,-1,-1
622,2192,446,527,34,26,-1,-1
623,2160,1151,284,76,46,-1,-1
623,2164,1051,325,69,37,-1,-1
623,2191,1042,377,222,98,-1,-1
623,2192,446,527,34,27,-1,-1
624,2160,1151,284,76,46,-1,-1
624,2164,1051,325,69,37,-1,-1
624,2191,1018,383,211,94,-1,-1
624,2192,447,527,34,27,-1,-1
625,2160,1151,284,76,46,-1,-1
625,2164,1051,325,69,37,-1,-1
625,2191,995,389,199,91,-1,-1
625,2192,448,526,35,28,-1,-1
626,2160,1151,284,76,46,-1,-1
626,2164,1051,325,69,37,-1,-1
626,2191,971,395,187,87,-1,-1
626,2192,448,526,35,28,-1,-1
627,2160,1151,284,76,46,-1,-1
627,2164,1051,325,69,37,-1,-1
627,2191,948,401,176,83,-1,-1
627,2192,449,525,36,29,-1,-1
628,2160,1151,284,76,46,-1,-1
628,2164,1051,325,69,37,-1,-1
628,2191,924,406,164,79,-1,-1
628,2192,450,525,36,29,-1,-1
629,2160,1151,284,76,46,-1,-1
629,2164,1051,325,69,37,-1,-1
629,2191,900,412,153,75,-1,-1
629,2192,450,525,37,30,-1,-1
630,2160,1151,284,76,46,-1,-1
630,2164,1051,325,69,37,-1,-1
630,2191,877,418,141,72,-1,-1
630,2192,451,524,37,30,-1,-1
631,2160,1151,284,76,46,-1,-1
631,2164,1051,325,69,37,-1,-1
631,2191,853,424,130,68,-1,-1
631,2192,452,524,37,30,-1,-1
632,2160,1151,284,76,46,-1,-1
632,2164,1051,325,69,37,-1,-1
632,2191,829,429,118,64,-1,-1
632,2192,452,524,38,31,-1,-1
