1,2357,1105,290,511,448,-1,-1
1,2479,407,111,194,157,-1,-1
1,2383,1654,181,262,261,-1,-1
2,2357,1122,294,527,455,-1,-1
2,2479,404,113,195,158,-1,-1
2,2383,1644,179,269,260,-1,-1
3,2357,1140,299,543,461,-1,-1
3,2479,401,114,196,159,-1,-1
3,2383,1632,176,278,259,-1,-1
4,2357,1156,306,556,466,-1,-1
4,2479,397,115,197,160,-1,-1
4,2383,1619,173,288,259,-1,-1
5,2357,1170,314,565,471,-1,-1
5,2479,393,115,198,161,-1,-1
5,2383,1606,170,302,259,-1,-1
6,2357,1184,322,572,476,-1,-1
6,2479,389,116,200,162,-1,-1
6,2383,1592,166,318,259,-1,-1
7,2357,1199,330,579,482,-1,-1
7,2479,384,117,201,164,-1,-1
7,2383,1576,163,331,259,-1,-1
8,2357,1218,339,586,488,-1,-1
8,2479,379,117,203,166,-1,-1
8,2383,1559,159,332,260,-1,-1
9,2357,1238,350,592,494,-1,-1
9,2479,374,118,204,168,-1,-1
9,2383,1542,155,324,260,-1,-1
10,2357,1258,362,598,499,-1,-1
10,2479,369,119,207,170,-1,-1
10,2383,1526,151,317,261,-1,-1
11,2357,1278,373,601,507,-1,-1
11,2479,363,120,209,171,-1,-1
11,2383,1513,147,314,262,-1,-1
12,2357,1297,381,599,517,-1,-1
12,2479,358,121,210,172,-1,-1
12,2383,1501,143,310,262,-1,-1
13,2357,1315,387,591,529,-1,-1
13,2479,353,122,211,172,-1,-1
13,2383,1489,140,303,262,-1,-1
14,2357,1332,392,578,541,-1,-1
14,2479,348,124,212,172,-1,-1
14,2383,1478,137,294,262,-1,-1
15,2357,1350,399,560,552,-1,-1
15,2479,344,125,212,172,-1,-1
15,2383,1465,135,285,261,-1,-1
16,2357,1370,407,540,560,-1,-1
16,2479,339,126,212,173,-1,-1
16,2383,1451,134,282,259,-1,-1
17,2357,1393,419,516,566,-1,-1
17,2479,334,126,212,173,-1,-1
17,2383,1438,133,284,257,-1,-1
18,2357,1421,433,487,571,-1,-1
18,2479,329,127,213,174,-1,-1
18,2383,1425,132,285,255,-1,-1
19,2357,1451,445,457,577,-1,-1
19,2479,324,127,215,175,-1,-1
19,2383,1413,132,282,252,-1,-1
20,2357,1476,453,433,585,-1,-1
20,2479,319,128,216,177,-1,-1
20,2515,1188,246,119,30,-1,-1
20,2383,1403,132,278,249,-1,-1
21,2357,1492,456,418,594,-1,-1
21,2479,315,128,217,178,-1,-1
21,2515,1187,246,120,30,-1,-1
21,2383,1395,133,277,245,-1,-1
22,2357,1498,457,413,602,-1,-1
22,2479,313,128,218,179,-1,-1
22,2515,1185,246,120,30,-1,-1
22,2383,1390,133,280,242,-1,-1
23,2357,1499,456,412,607,-1,-1
23,2479,312,128,218,179,-1,-1
23,2515,1184,246,121,30,-1,-1
23,2383,1388,134,282,239,-1,-1
24,2357,1497,455,414,609,-1,-1
24,2479,312,128,218,179,-1,-1
24,2515,1182,246,121,30,-1,-1
24,2383,1388,134,283,236,-1,-1
25,2357,1496,455,415,609,-1,-1
25,2479,312,129,218,178,-1,-1
25,2515,1181,245,122,30,-1,-1
25,2383,1389,134,282,232,-1,-1
26,2357,1496,455,415,608,-1,-1
26,2479,312,129,217,178,-1,-1
26,2515,1179,245,122,30,-1,-1
26,2383,1392,134,278,229,-1,-1
27,2357,1495,454,415,607,-1,-1
27,2479,312,129,218,177,-1,-1
27,2515,1178,245,123,30,-1,-1
27,2383,1394,134,276,227,-1,-1
28,2357,1495,454,415,607,-1,-1
28,2479,311,129,219,177,-1,-1
28,2515,1177,245,123,30,-1,-1
28,2383,1396,134,278,224,-1,-1
29,2357,1495,455,415,606,-1,-1
29,2479,307,130,222,178,-1,-1
29,2515,1175,245,124,30,-1,-1
29,2383,1391,134,286,222,-1,-1
30,2357,1496,456,415,606,-1,-1
30,2479,301,131,228,181,-1,-1
30,2515,1174,245,124,30,-1,-1
30,2383,1378,133,293,220,-1,-1
31,2357,1500,459,413,606,-1,-1
31,2479,294,133,235,187,-1,-1
31,2515,1172,244,125,30,-1,-1
31,2383,1353,133,281,218,-1,-1
32,2479,285,135,244,195,-1,-1
32,2516,1637,184,275,264,-1,-1
32,2383,1322,132,254,216,-1,-1
33,2479,277,137,253,202,-1,-1
33,2516,1627,181,285,264,-1,-1
33,2383,1293,131,241,214,-1,-1
34,2479,270,139,260,208,-1,-1
34,2516,1614,179,298,263,-1,-1
34,2383,1270,129,246,213,-1,-1
35,2479,265,142,266,212,-1,-1
35,2516,1596,176,315,262,-1,-1
35,2383,1256,128,252,212,-1,-1
36,2479,262,145,270,214,-1,-1
36,2516,1575,173,329,261,-1,-1
36,2517,707,195,208,59,-1,-1
36,2383,1247,126,251,211,-1,-1
37,2479,261,147,273,215,-1,-1
37,2516,1553,170,338,260,-1,-1
37,2517,689,193,207,61,-1,-1
37,2383,1242,124,246,210,-1,-1
38,2479,261,150,274,215,-1,-1
38,2516,1536,168,340,259,-1,-1
38,2517,671,191,206,64,-1,-1
38,2383,1239,123,241,209,-1,-1
39,2479,262,152,275,215,-1,-1
39,2516,1526,165,340,258,-1,-1
39,2517,653,189,207,66,-1,-1
39,2383,1236,121,240,209,-1,-1
40,2479,264,154,276,216,-1,-1
40,2516,1520,162,342,256,-1,-1
40,2517,634,186,209,68,-1,-1
40,2383,1232,120,241,208,-1,-1
41,2479,266,156,277,218,-1,-1
41,2516,1512,160,335,254,-1,-1
41,2517,615,184,206,71,-1,-1
41,2383,1225,118,237,207,-1,-1
42,2479,269,159,278,222,-1,-1
42,2516,1496,157,316,252,-1,-1
42,2517,597,182,194,73,-1,-1
42,2383,1215,117,229,205,-1,-1
43,2479,272,160,280,226,-1,-1
43,2516,1479,155,308,250,-1,-1
43,2517,580,180,179,75,-1,-1
43,2383,1203,117,225,204,-1,-1
44,2479,276,162,281,229,-1,-1
44,2516,1464,153,308,248,-1,-1
44,2517,563,178,166,77,-1,-1
44,2383,1191,116,227,202,-1,-1
45,2479,280,164,282,232,-1,-1
45,2516,1448,151,307,246,-1,-1
45,2517,549,176,159,80,-1,-1
45,2383,1181,116,229,200,-1,-1
46,2479,284,166,283,235,-1,-1
46,2516,1433,148,306,244,-1,-1
46,2517,536,173,157,82,-1,-1
46,2383,1173,116,229,199,-1,-1
47,2479,288,167,285,238,-1,-1
47,2516,1419,147,309,242,-1,-1
47,2517,524,171,156,84,-1,-1
47,2383,1167,115,227,197,-1,-1
48,2479,292,168,287,241,-1,-1
48,2516,1405,145,310,241,-1,-1
48,2517,515,169,153,87,-1,-1
48,2383,1160,115,223,195,-1,-1
49,2479,295,169,290,246,-1,-1
49,2516,1394,143,301,241,-1,-1
49,2517,506,167,149,89,-1,-1
49,2383,1153,115,219,193,-1,-1
50,2479,297,169,293,251,-1,-1
50,2516,1385,141,290,241,-1,-1
50,2517,500,165,144,91,-1,-1
50,2383,1146,115,218,192,-1,-1
51,2479,299,170,296,256,-1,-1
51,2516,1379,140,287,241,-1,-1
51,2517,494,163,142,94,-1,-1
51,2383,1139,114,219,190,-1,-1
52,2479,299,169,298,260,-1,-1
52,2516,1376,139,289,242,-1,-1
52,2517,491,160,142,96,-1,-1
52,2383,1134,114,223,189,-1,-1
53,2479,299,169,299,262,-1,-1
53,2516,1376,138,290,243,-1,-1
53,2517,488,158,143,98,-1,-1
53,2383,1132,113,225,188,-1,-1
54,2479,299,168,299,262,-1,-1
54,2516,1376,136,290,244,-1,-1
54,2517,487,156,144,100,-1,-1
54,2383,1132,113,226,187,-1,-1
55,2479,298,168,299,262,-1,-1
55,2516,1376,135,290,245,-1,-1
55,2517,487,154,145,103,-1,-1
55,2383,1132,112,225,186,-1,-1
56,2479,298,169,298,259,-1,-1
56,2516,1375,135,290,245,-1,-1
56,2517,487,152,145,105,-1,-1
56,2383,1134,112,222,185,-1,-1
57,2479,299,170,297,257,-1,-1
57,2516,1376,134,289,245,-1,-1
57,2517,488,150,144,107,-1,-1
57,2383,1136,111,221,184,-1,-1
58,2479,301,173,297,254,-1,-1
58,2516,1379,133,287,243,-1,-1
58,2517,488,147,144,110,-1,-1
58,2383,1136,110,222,184,-1,-1
59,2479,305,178,298,254,-1,-1
59,2516,1381,132,289,241,-1,-1
59,2517,488,145,145,112,-1,-1
59,2383,1133,109,228,183,-1,-1
60,2479,312,184,302,258,-1,-1
60,2516,1374,132,296,238,-1,-1
60,2517,488,143,145,114,-1,-1
60,2383,1124,108,233,183,-1,-1
61,2479,320,193,308,267,-1,-1
61,2516,1346,131,289,233,-1,-1
61,2517,486,141,143,117,-1,-1
61,2383,1109,107,224,183,-1,-1
62,2479,328,202,316,279,-1,-1
62,2516,1299,130,261,228,-1,-1
62,2476,367,118,160,114,-1,-1
62,2383,1091,106,203,183,-1,-1
63,2479,336,212,327,290,-1,-1
63,2516,1260,130,257,223,-1,-1
63,2476,361,117,164,126,-1,-1
63,2383,1074,105,192,182,-1,-1
64,2479,341,221,338,299,-1,-1
64,2516,1243,129,264,218,-1,-1
64,2476,351,112,164,135,-1,-1
64,2383,1062,105,196,182,-1,-1
65,2479,344,228,349,304,-1,-1
65,2516,1240,129,257,213,-1,-1
65,2476,341,109,170,140,-1,-1
65,2481,1827,235,91,276,-1,-1
65,2383,1052,104,202,181,-1,-1
66,2479,345,235,359,307,-1,-1
66,2516,1241,129,243,210,-1,-1
66,2476,331,107,172,143,-1,-1
66,2481,1811,234,106,273,-1,-1
66,2383,1044,104,204,180,-1,-1
67,2479,345,240,369,309,-1,-1
67,2516,1239,128,235,207,-1,-1
67,2476,324,105,174,145,-1,-1
67,2481,1792,234,124,269,-1,-1
67,2383,1036,105,202,179,-1,-1
68,2479,346,244,377,311,-1,-1
68,2516,1232,128,235,205,-1,-1
68,2476,318,102,177,146,-1,-1
68,2481,1772,233,144,264,-1,-1
68,2383,1030,105,199,177,-1,-1
69,2479,346,248,383,314,-1,-1
69,2516,1223,128,235,203,-1,-1
69,2476,314,99,177,146,-1,-1
69,2481,1751,233,164,259,-1,-1
69,2383,1024,106,197,176,-1,-1
70,2479,348,250,389,318,-1,-1
70,2516,1216,128,233,201,-1,-1
70,2476,311,98,176,146,-1,-1
70,2481,1731,232,184,253,-1,-1
70,2383,1020,107,197,174,-1,-1
71,2479,350,253,394,323,-1,-1
71,2516,1211,128,228,200,-1,-1
71,2476,308,100,174,145,-1,-1
71,2481,1712,232,202,247,-1,-1
71,2383,1016,108,196,172,-1,-1
72,2479,352,256,398,329,-1,-1
72,2516,1206,128,221,199,-1,-1
72,2476,305,101,175,146,-1,-1
72,2481,1696,231,218,242,-1,-1
72,2383,1012,109,194,170,-1,-1
73,2479,354,258,402,336,-1,-1
73,2516,1198,128,216,198,-1,-1
73,2476,302,102,177,148,-1,-1
73,2481,1683,230,231,237,-1,-1
73,2383,1007,111,190,168,-1,-1
74,2479,356,260,406,341,-1,-1
74,2516,1189,129,214,198,-1,-1
74,2476,298,104,179,148,-1,-1
74,2481,1673,230,240,233,-1,-1
74,2383,1003,112,188,166,-1,-1
75,2479,356,262,408,344,-1,-1
75,2516,1184,129,216,197,-1,-1
75,2476,296,105,181,147,-1,-1
75,2481,1668,229,246,230,-1,-1
75,2383,999,113,189,164,-1,-1
76,2479,357,263,410,346,-1,-1
76,2516,1183,129,218,197,-1,-1
76,2476,296,105,181,147,-1,-1
76,2481,1665,229,249,229,-1,-1
76,2383,997,113,191,163,-1,-1
77,2479,357,265,411,346,-1,-1
77,2516,1184,129,218,197,-1,-1
77,2476,296,105,181,147,-1,-1
77,2481,1664,228,250,228,-1,-1
77,2383,996,114,192,162,-1,-1
78,2479,357,265,412,345,-1,-1
78,2516,1184,129,217,196,-1,-1
78,2476,296,105,181,147,-1,-1
78,2481,1664,228,249,228,-1,-1
78,2383,996,114,192,161,-1,-1
79,2479,357,266,411,344,-1,-1
79,2516,1184,130,217,196,-1,-1
79,2476,296,105,181,147,-1,-1
79,2481,1665,227,249,228,-1,-1
79,2383,997,114,191,160,-1,-1
80,2479,357,266,411,343,-1,-1
80,2516,1185,130,216,196,-1,-1
80,2476,296,103,180,149,-1,-1
80,2481,1666,227,248,229,-1,-1
80,2383,997,114,191,159,-1,-1
81,2479,358,266,411,342,-1,-1
81,2516,1185,130,215,196,-1,-1
81,2476,297,100,179,154,-1,-1
81,2481,1666,226,248,230,-1,-1
81,2383,997,114,191,159,-1,-1
82,2479,358,267,410,342,-1,-1
82,2516,1186,130,214,196,-1,-1
82,2476,297,98,179,156,-1,-1
82,2481,1666,225,248,231,-1,-1
82,2383,997,114,191,159,-1,-1
83,2479,359,267,410,342,-1,-1
83,2516,1186,130,214,196,-1,-1
83,2476,297,98,179,156,-1,-1
83,2481,1666,225,248,231,-1,-1
83,2383,997,114,191,158,-1,-1
84,2479,359,267,410,342,-1,-1
84,2516,1186,130,214,196,-1,-1
84,2476,297,98,179,156,-1,-1
84,2481,1665,224,248,232,-1,-1
84,2383,997,114,191,158,-1,-1
85,2479,359,267,410,342,-1,-1
85,2516,1186,130,214,196,-1,-1
85,2476,297,98,179,156,-1,-1
85,2481,1665,224,248,232,-1,-1
85,2383,997,114,191,157,-1,-1
86,2479,359,267,410,342,-1,-1
86,2516,1186,130,214,196,-1,-1
86,2476,297,98,179,156,-1,-1
86,2481,1665,223,248,233,-1,-1
86,2383,998,115,189,156,-1,-1
87,2479,359,267,410,342,-1,-1
87,2516,1186,130,214,196,-1,-1
87,2476,298,98,178,156,-1,-1
87,2481,1664,223,248,234,-1,-1
87,2383,999,116,188,155,-1,-1
88,2479,359,267,410,342,-1,-1
88,2516,1186,130,214,196,-1,-1
88,2476,299,98,177,155,-1,-1
88,2481,1664,222,248,234,-1,-1
88,2383,1000,117,190,153,-1,-1
89,2479,359,267,410,342,-1,-1
89,2516,1187,129,213,196,-1,-1
89,2476,298,97,177,154,-1,-1
89,2481,1664,222,248,235,-1,-1
89,2383,997,119,195,150,-1,-1
90,2479,359,268,410,342,-1,-1
90,2516,1186,129,214,195,-1,-1
90,2476,293,97,184,158,-1,-1
90,2481,1666,221,247,235,-1,-1
90,2383,990,122,198,147,-1,-1
91,2479,358,268,411,342,-1,-1
91,2516,1183,128,214,194,-1,-1
91,2476,282,103,193,165,-1,-1
91,2481,1668,221,244,236,-1,-1
91,2383,977,125,186,143,-1,-1
91,2522,1084,118,194,177,-1,-1
92,2476,269,113,186,174,-1,-1
92,2481,1671,220,240,237,-1,-1
92,2383,961,129,161,139,-1,-1
92,2479,421,392,577,524,-1,-1
92,2522,1072,118,200,176,-1,-1
92,2471,1413,156,293,224,-1,-1
93,2476,261,118,199,184,-1,-1
93,2481,1676,219,235,237,-1,-1
93,2383,947,133,145,135,-1,-1
93,2479,436,406,594,530,-1,-1
93,2522,1061,117,205,174,-1,-1
93,2471,1406,155,288,223,-1,-1
94,2476,260,118,202,189,-1,-1
94,2481,1682,219,229,238,-1,-1
94,2383,939,137,145,131,-1,-1
94,2479,451,420,611,538,-1,-1
94,2522,1049,116,210,173,-1,-1
94,2471,1396,155,284,221,-1,-1
95,2476,262,119,198,189,-1,-1
95,2481,1688,218,223,239,-1,-1
95,2383,936,141,149,127,-1,-1
95,2479,465,435,628,548,-1,-1
95,2522,1038,116,215,172,-1,-1
95,2471,1385,155,282,219,-1,-1
96,2476,264,118,199,189,-1,-1
96,2481,1695,218,216,240,-1,-1
96,2383,935,144,150,123,-1,-1
96,2479,480,449,645,559,-1,-1
96,2522,1027,115,221,171,-1,-1
96,2471,1374,154,280,218,-1,-1
97,2476,264,118,202,193,-1,-1
97,2481,1701,217,210,241,-1,-1
97,2383,935,147,148,120,-1,-1
97,2479,495,463,662,569,-1,-1
97,2522,1015,114,226,170,-1,-1
97,2471,1363,154,279,216,-1,-1
98,2476,263,117,207,199,-1,-1
98,2481,1706,217,205,241,-1,-1
98,2383,935,149,146,117,-1,-1
98,2479,510,478,679,577,-1,-1
98,2522,1004,114,231,169,-1,-1
98,2471,1353,154,277,215,-1,-1
99,2476,260,116,214,206,-1,-1
99,2481,1709,216,202,242,-1,-1
99,2383,935,151,144,116,-1,-1
99,2479,525,492,696,579,-1,-1
99,2522,992,113,236,167,-1,-1
99,2471,1344,153,274,213,-1,-1
100,2476,259,115,217,211,-1,-1
100,2481,1710,216,201,243,-1,-1
100,2383,935,152,141,114,-1,-1
100,2479,540,506,713,574,-1,-1
100,2522,981,112,242,166,-1,-1
100,2471,1335,153,271,212,-1,-1
101,2476,259,117,222,212,-1,-1
101,2481,1709,215,202,243,-1,-1
101,2383,935,152,136,114,-1,-1
101,2479,555,521,730,564,-1,-1
101,2522,969,111,247,165,-1,-1
101,2471,1326,152,270,210,-1,-1
102,2476,259,120,235,212,-1,-1
102,2481,1704,214,207,243,-1,-1
102,2383,935,152,131,114,-1,-1
102,2479,570,535,747,551,-1,-1
102,2522,958,111,252,164,-1,-1
102,2471,1317,152,269,208,-1,-1
103,2476,257,121,239,213,-1,-1
103,2481,1696,214,214,242,-1,-1
103,2383,936,152,125,114,-1,-1
103,2479,584,549,764,536,-1,-1
103,2522,987,110,226,160,-1,-1
103,2471,1307,152,268,207,-1,-1
104,2476,255,122,247,214,-1,-1
104,2481,1685,213,223,241,-1,-1
104,2383,937,151,118,115,-1,-1
104,2479,599,564,781,521,-1,-1
104,2522,1015,111,195,159,-1,-1
104,2471,1299,151,264,205,-1,-1
105,2476,255,124,251,215,-1,-1
105,2481,1671,213,235,239,-1,-1
105,2383,937,150,114,116,-1,-1
105,2479,614,578,798,506,-1,-1
105,2522,1024,112,183,158,-1,-1
105,2471,1291,151,260,204,-1,-1
106,2476,255,125,252,218,-1,-1
106,2481,1657,212,246,237,-1,-1
106,2383,937,149,112,117,-1,-1
106,2479,629,592,814,491,-1,-1
106,2522,1020,113,183,157,-1,-1
106,2471,1282,150,256,202,-1,-1
107,2476,256,127,255,222,-1,-1
107,2481,1643,212,257,234,-1,-1
107,2383,936,147,112,118,-1,-1
107,2479,644,607,831,477,-1,-1
107,2522,1018,113,182,156,-1,-1
107,2471,1273,150,254,201,-1,-1
108,2476,257,130,255,225,-1,-1
108,2481,1631,211,266,230,-1,-1
108,2383,935,146,113,120,-1,-1
108,2479,659,621,848,463,-1,-1
108,2522,1014,114,183,155,-1,-1
108,2471,1264,149,252,199,-1,-1
109,2476,258,132,259,229,-1,-1
109,2481,1620,211,273,227,-1,-1
109,2383,933,144,115,121,-1,-1
109,2479,674,635,865,449,-1,-1
109,2522,998,115,196,154,-1,-1
109,2471,1255,149,250,198,-1,-1
110,2476,259,134,260,232,-1,-1
110,2481,1611,210,278,223,-1,-1
110,2383,931,142,116,123,-1,-1
110,2479,688,650,882,438,-1,-1
110,2522,975,116,215,153,-1,-1
110,2471,1247,149,248,196,-1,-1
111,2476,259,134,262,235,-1,-1
111,2481,1605,209,281,220,-1,-1
111,2383,929,141,118,124,-1,-1
111,2522,992,117,195,152,-1,-1
111,2471,1241,148,246,195,-1,-1
112,2476,260,134,262,236,-1,-1
112,2481,1601,209,282,218,-1,-1
112,2383,928,139,119,126,-1,-1
112,2522,1004,118,179,151,-1,-1
112,2471,1238,148,243,193,-1,-1
113,2476,260,134,262,236,-1,-1
113,2481,1599,208,282,217,-1,-1
113,2383,927,138,120,127,-1,-1
113,2522,1005,119,176,150,-1,-1
113,2471,1237,147,242,192,-1,-1
114,2476,260,134,262,236,-1,-1
114,2481,1599,208,280,216,-1,-1
114,2383,926,137,120,128,-1,-1
114,2522,1004,120,173,149,-1,-1
114,2471,1238,147,241,190,-1,-1
115,2476,260,134,262,236,-1,-1
115,2481,1599,207,279,216,-1,-1
115,2383,927,137,120,128,-1,-1
115,2522,1004,121,170,147,-1,-1
115,2471,1239,146,241,189,-1,-1
116,2476,260,134,262,236,-1,-1
116,2481,1600,207,278,217,-1,-1
116,2383,927,136,120,129,-1,-1
116,2522,1003,122,167,146,-1,-1
116,2471,1242,146,242,187,-1,-1
117,2476,260,134,262,236,-1,-1
117,2481,1600,206,277,217,-1,-1
117,2383,927,136,119,129,-1,-1
117,2522,1003,123,164,145,-1,-1
117,2471,1243,145,243,186,-1,-1
118,2476,259,134,262,234,-1,-1
118,2481,1600,206,276,218,-1,-1
118,2383,928,135,119,130,-1,-1
118,2522,1003,124,161,144,-1,-1
118,2471,1242,145,244,184,-1,-1
119,2476,259,133,264,234,-1,-1
119,2481,1600,205,276,218,-1,-1
119,2383,928,135,120,130,-1,-1
119,2522,1003,124,157,143,-1,-1
119,2471,1238,145,244,183,-1,-1
120,2476,260,133,261,239,-1,-1
120,2481,1600,205,277,219,-1,-1
120,2383,927,135,121,130,-1,-1
120,2522,1003,125,154,142,-1,-1
120,2471,1227,144,242,181,-1,-1
121,2476,263,141,262,249,-1,-1
121,2481,1599,204,278,219,-1,-1
121,2383,924,134,120,130,-1,-1
121,2522,996,126,158,141,-1,-1
121,2471,1210,144,237,180,-1,-1
122,2476,269,157,307,261,-1,-1
122,2522,977,127,174,140,-1,-1
122,2364,220,121,157,131,-1,-1
122,2471,1190,143,229,178,-1,-1
123,2476,277,169,308,273,-1,-1
123,2522,970,128,178,139,-1,-1
123,2364,221,120,159,135,-1,-1
123,2481,1473,179,252,208,-1,-1
123,2484,1684,190,270,266,-1,-1
123,2471,1172,143,221,176,-1,-1
124,2476,285,176,300,279,-1,-1
124,2522,970,129,174,138,-1,-1
124,2364,222,119,161,138,-1,-1
124,2481,1462,179,250,207,-1,-1
124,2484,1674,189,269,265,-1,-1
124,2471,1158,143,214,175,-1,-1
125,2476,291,183,306,281,-1,-1
125,2522,970,130,171,137,-1,-1
125,2364,223,117,162,141,-1,-1
125,2481,1451,178,246,205,-1,-1
125,2484,1664,187,269,263,-1,-1
125,2471,1149,142,209,173,-1,-1
126,2476,294,190,301,280,-1,-1
126,2522,968,131,170,136,-1,-1
126,2364,224,116,164,143,-1,-1
126,2481,1444,177,241,204,-1,-1
126,2484,1654,185,269,261,-1,-1
126,2471,1145,142,207,172,-1,-1
127,2476,294,194,300,279,-1,-1
127,2522,967,132,167,135,-1,-1
127,2364,224,114,165,145,-1,-1
127,2481,1441,176,239,203,-1,-1
127,2484,1644,184,268,260,-1,-1
127,2471,1144,141,205,170,-1,-1
128,2476,293,193,301,279,-1,-1
128,2522,967,133,164,134,-1,-1
128,2364,225,113,166,146,-1,-1
128,2481,1441,175,239,201,-1,-1
128,2484,1634,182,268,258,-1,-1
128,2471,1145,141,205,169,-1,-1
129,2476,292,192,303,279,-1,-1
129,2522,967,134,161,133,-1,-1
129,2364,225,111,167,147,-1,-1
129,2481,1442,175,240,200,-1,-1
129,2484,1623,181,267,256,-1,-1
129,2471,1144,141,205,167,-1,-1
130,2476,293,192,300,282,-1,-1
130,2522,967,134,158,132,-1,-1
130,2364,226,110,169,147,-1,-1
130,2481,1439,174,241,198,-1,-1
130,2484,1613,179,267,255,-1,-1
130,2471,1142,140,203,166,-1,-1
131,2476,296,200,301,286,-1,-1
131,2522,963,135,159,131,-1,-1
131,2364,227,109,171,147,-1,-1
131,2481,1424,173,237,197,-1,-1
131,2484,1603,177,267,253,-1,-1
131,2471,1137,140,201,165,-1,-1
132,2476,302,211,346,296,-1,-1
132,2522,950,136,168,130,-1,-1
132,2364,227,108,173,148,-1,-1
132,2481,1400,172,228,196,-1,-1
132,2484,1593,176,266,252,-1,-1
132,2471,1129,139,198,163,-1,-1
133,2476,308,210,355,316,-1,-1
133,2522,941,137,174,129,-1,-1
133,2364,228,107,176,149,-1,-1
133,2481,1382,171,220,194,-1,-1
133,2484,1583,174,266,250,-1,-1
133,2471,1121,139,196,162,-1,-1
134,2476,313,199,357,339,-1,-1
134,2522,936,138,175,128,-1,-1
134,2364,228,106,179,150,-1,-1
134,2481,1374,171,216,193,-1,-1
134,2484,1573,173,265,248,-1,-1
134,2471,1112,139,196,161,-1,-1
135,2476,316,196,363,350,-1,-1
135,2522,936,139,173,127,-1,-1
135,2364,229,105,182,152,-1,-1
135,2481,1371,170,212,191,-1,-1
135,2484,1562,171,265,247,-1,-1
135,2471,1104,138,197,159,-1,-1
135,2531,448,177,148,61,-1,-1
136,2476,318,199,363,354,-1,-1
136,2522,935,140,170,126,-1,-1
136,2364,229,105,185,154,-1,-1
136,2481,1364,169,209,190,-1,-1
136,2484,1552,169,264,245,-1,-1
136,2471,1097,138,198,158,-1,-1
136,2531,444,175,147,64,-1,-1
137,2476,320,206,368,356,-1,-1
137,2522,937,141,165,125,-1,-1
137,2364,229,105,187,157,-1,-1
137,2481,1353,168,206,188,-1,-1
137,2484,1542,168,264,244,-1,-1
137,2471,1090,137,199,157,-1,-1
137,2531,441,172,145,68,-1,-1
138,2476,323,216,389,356,-1,-1
138,2522,942,142,157,124,-1,-1
138,2364,229,105,190,159,-1,-1
138,2481,1339,167,205,187,-1,-1
138,2484,1532,166,264,242,-1,-1
138,2471,1083,137,199,156,-1,-1
138,2531,437,168,144,75,-1,-1
139,2476,325,227,402,354,-1,-1
139,2522,944,143,151,123,-1,-1
139,2364,229,105,192,161,-1,-1
139,2481,1328,167,207,186,-1,-1
139,2484,1522,165,263,240,-1,-1
139,2471,1077,136,199,155,-1,-1
139,2531,435,164,144,83,-1,-1
140,2476,328,234,405,358,-1,-1
140,2522,945,144,147,122,-1,-1
140,2364,229,105,194,163,-1,-1
140,2481,1319,166,208,184,-1,-1
140,2484,1512,163,263,239,-1,-1
140,2471,1071,136,198,154,-1,-1
140,2531,433,161,145,90,-1,-1
141,2476,333,239,406,366,-1,-1
141,2522,941,145,147,121,-1,-1
141,2364,229,105,197,165,-1,-1
141,2481,1313,165,206,183,-1,-1
141,2484,1502,162,262,237,-1,-1
141,2471,1065,135,197,153,-1,-1
141,2531,433,158,147,96,-1,-1
142,2476,337,245,408,375,-1,-1
142,2522,936,145,149,120,-1,-1
142,2364,229,106,199,167,-1,-1
142,2481,1306,164,204,181,-1,-1
142,2484,1491,160,262,236,-1,-1
142,2471,1062,135,197,152,-1,-1
142,2531,435,155,147,100,-1,-1
143,2476,340,252,413,380,-1,-1
143,2522,932,146,150,119,-1,-1
143,2364,229,106,202,169,-1,-1
143,2481,1298,164,201,180,-1,-1
143,2484,1481,158,262,234,-1,-1
143,2471,1060,134,196,152,-1,-1
143,2531,436,154,147,100,-1,-1
144,2476,342,255,427,382,-1,-1
144,2522,930,147,149,118,-1,-1
144,2364,229,107,203,169,-1,-1
144,2481,1288,163,200,178,-1,-1
144,2484,1471,157,261,232,-1,-1
144,2471,1061,134,195,151,-1,-1
144,2531,438,153,146,99,-1,-1
145,2476,341,256,428,384,-1,-1
145,2522,929,148,147,117,-1,-1
145,2364,229,107,204,170,-1,-1
145,2481,1282,162,201,177,-1,-1
145,2484,1461,155,261,231,-1,-1
145,2471,1064,133,194,150,-1,-1
145,2531,439,153,145,98,-1,-1
146,2476,341,255,428,384,-1,-1
146,2522,929,149,144,116,-1,-1
146,2364,229,108,204,170,-1,-1
146,2481,1280,161,202,176,-1,-1
146,2484,1451,154,260,229,-1,-1
146,2471,1067,133,193,150,-1,-1
146,2531,439,153,143,97,-1,-1
147,2476,340,256,429,380,-1,-1
147,2522,929,150,140,115,-1,-1
147,2364,230,108,204,170,-1,-1
147,2481,1280,160,202,174,-1,-1
147,2484,1441,152,260,228,-1,-1
147,2471,1069,132,192,149,-1,-1
147,2531,440,153,142,96,-1,-1
148,2476,339,255,430,376,-1,-1
148,2522,929,151,137,114,-1,-1
148,2364,230,109,203,171,-1,-1
148,2481,1280,160,202,173,-1,-1
148,2484,1431,150,260,226,-1,-1
148,2471,1069,132,193,149,-1,-1
148,2531,440,153,141,97,-1,-1
149,2476,338,252,432,378,-1,-1
149,2522,928,152,134,113,-1,-1
149,2364,231,110,203,172,-1,-1
149,2481,1280,159,202,171,-1,-1
149,2484,1420,149,259,224,-1,-1
149,2471,1063,131,196,149,-1,-1
149,2531,442,152,141,98,-1,-1
150,2476,340,253,427,394,-1,-1
150,2522,928,153,131,112,-1,-1
150,2364,232,111,203,173,-1,-1
150,2481,1279,158,203,170,-1,-1
150,2484,1410,147,259,223,-1,-1
150,2471,1051,130,202,148,-1,-1
150,2531,445,150,143,100,-1,-1
151,2476,346,278,438,418,-1,-1
151,2522,930,154,126,111,-1,-1
151,2364,234,111,204,176,-1,-1
151,2481,1274,157,203,169,-1,-1
151,2484,1400,146,258,221,-1,-1
151,2471,1032,130,209,148,-1,-1
151,2531,448,147,145,102,-1,-1
152,2476,357,325,522,442,-1,-1
152,2522,933,155,120,110,-1,-1
152,2364,236,112,206,180,-1,-1
152,2484,1390,144,258,219,-1,-1
152,2471,1009,129,217,148,-1,-1
152,2531,453,144,149,105,-1,-1
153,2476,371,354,532,470,-1,-1
153,2522,934,155,116,109,-1,-1
153,2364,238,113,209,184,-1,-1
153,2484,1380,142,258,218,-1,-1
153,2471,987,129,223,147,-1,-1
153,2531,458,142,152,108,-1,-1
154,2476,385,358,540,498,-1,-1
154,2522,932,156,114,108,-1,-1
154,2364,240,114,212,188,-1,-1
154,2484,1370,141,257,216,-1,-1
154,2471,970,128,227,147,-1,-1
154,2531,463,140,154,111,-1,-1
155,2476,397,358,559,517,-1,-1
155,2522,931,157,112,107,-1,-1
155,2364,243,114,216,192,-1,-1
155,2484,1360,139,257,215,-1,-1
155,2471,959,128,228,147,-1,-1
155,2531,467,138,155,114,-1,-1
156,2476,407,372,580,522,-1,-1
156,2522,931,158,109,106,-1,-1
156,2364,245,115,220,195,-1,-1
156,2484,1349,138,256,213,-1,-1
156,2471,953,127,228,147,-1,-1
156,2531,470,137,156,116,-1,-1
157,2476,413,390,594,525,-1,-1
157,2522,932,159,105,105,-1,-1
157,2364,247,116,224,199,-1,-1
157,2471,950,127,227,147,-1,-1
157,2531,473,137,157,118,-1,-1
158,2476,417,406,611,533,-1,-1
158,2522,932,160,101,104,-1,-1
158,2364,249,116,227,202,-1,-1
158,2471,949,127,225,146,-1,-1
158,2531,477,137,160,119,-1,-1
158,2532,1170,155,197,158,-1,-1
159,2476,423,417,644,550,-1,-1
159,2522,930,161,100,103,-1,-1
159,2364,251,117,230,205,-1,-1
159,2484,1342,144,230,207,-1,-1
159,2471,948,126,223,146,-1,-1
159,2531,480,137,163,121,-1,-1
159,2532,1168,154,191,158,-1,-1
160,2476,433,425,655,571,-1,-1
160,2364,252,117,232,207,-1,-1
160,2484,1335,144,229,206,-1,-1
160,2471,947,126,221,146,-1,-1
160,2531,482,137,165,123,-1,-1
160,2532,1165,154,185,157,-1,-1
161,2476,446,431,649,589,-1,-1
161,2364,252,117,233,208,-1,-1
161,2484,1329,144,228,205,-1,-1
161,2471,946,126,220,145,-1,-1
161,2531,484,137,167,124,-1,-1
161,2532,1164,154,180,157,-1,-1
162,2476,456,434,639,597,-1,-1
162,2364,253,118,234,208,-1,-1
162,2484,1322,143,226,204,-1,-1
162,2471,945,126,220,145,-1,-1
162,2531,485,138,169,125,-1,-1
162,2532,1162,154,177,157,-1,-1
163,2476,461,434,634,599,-1,-1
163,2364,253,118,233,208,-1,-1
163,2484,1315,143,225,202,-1,-1
163,2471,944,126,220,145,-1,-1
163,2531,486,138,169,126,-1,-1
163,2532,1162,153,176,156,-1,-1
164,2476,462,434,633,598,-1,-1
164,2364,253,119,232,206,-1,-1
164,2484,1308,143,224,201,-1,-1
164,2471,944,126,221,144,-1,-1
164,2531,486,138,169,126,-1,-1
164,2532,1162,153,176,156,-1,-1
165,2476,461,434,634,597,-1,-1
165,2364,253,120,231,205,-1,-1
165,2484,1302,142,223,200,-1,-1
165,2471,944,126,222,143,-1,-1
165,2531,485,138,169,126,-1,-1
165,2532,1162,153,176,156,-1,-1
166,2476,459,434,636,596,-1,-1
166,2364,254,120,230,203,-1,-1
166,2484,1295,142,221,199,-1,-1
166,2471,943,126,223,143,-1,-1
166,2531,484,137,169,125,-1,-1
166,2532,1163,152,176,155,-1,-1
167,2476,456,436,639,595,-1,-1
167,2364,254,122,229,203,-1,-1
167,2484,1288,142,220,198,-1,-1
167,2471,943,126,224,142,-1,-1
167,2531,484,138,167,125,-1,-1
167,2532,1164,152,177,155,-1,-1
168,2476,453,434,641,596,-1,-1
168,2364,256,123,229,203,-1,-1
168,2484,1281,142,219,197,-1,-1
168,2471,943,127,223,141,-1,-1
168,2531,486,138,165,124,-1,-1
168,2532,1164,151,178,154,-1,-1
169,2476,453,425,646,604,-1,-1
169,2364,258,125,232,206,-1,-1
169,2484,1274,141,218,196,-1,-1
169,2471,944,127,220,141,-1,-1
169,2531,489,139,164,123,-1,-1
169,2532,1160,150,179,153,-1,-1
170,2476,466,426,616,605,-1,-1
170,2364,261,127,237,210,-1,-1
170,2484,1268,141,216,195,-1,-1
170,2471,946,128,213,140,-1,-1
170,2531,495,141,166,124,-1,-1
170,2532,1153,150,179,153,-1,-1
171,2476,497,485,621,557,-1,-1
171,2364,265,129,245,217,-1,-1
171,2484,1261,141,215,193,-1,-1
171,2471,950,128,201,139,-1,-1
171,2531,504,143,170,126,-1,-1
171,2532,1140,149,175,152,-1,-1
172,2476,541,597,939,460,-1,-1
172,2364,269,132,254,225,-1,-1
172,2484,1254,140,214,192,-1,-1
172,2471,954,129,187,138,-1,-1
172,2531,514,145,177,130,-1,-1
172,2532,1123,148,169,151,-1,-1
173,2476,582,673,970,398,-1,-1
173,2364,274,135,263,234,-1,-1
173,2484,1247,140,213,191,-1,-1
173,2471,957,129,174,137,-1,-1
173,2531,525,148,183,134,-1,-1
173,2532,1108,148,163,149,-1,-1
174,2476,609,702,980,373,-1,-1
174,2364,279,138,272,241,-1,-1
174,2484,1241,140,211,190,-1,-1
174,2471,960,130,165,136,-1,-1
174,2531,534,150,186,137,-1,-1
174,2532,1096,147,160,148,-1,-1
175,2476,625,726,1005,349,-1,-1
175,2364,284,141,279,248,-1,-1
175,2484,1234,139,210,189,-1,-1
175,2471,962,131,158,135,-1,-1
175,2531,542,152,186,138,-1,-1
175,2532,1087,146,159,147,-1,-1
176,2476,644,757,1069,313,-1,-1
176,2364,289,145,284,253,-1,-1
176,2484,1227,139,209,188,-1,-1
176,2471,963,132,154,133,-1,-1
176,2531,548,152,186,140,-1,-1
176,2532,1082,146,159,146,-1,-1
177,2476,678,790,1089,278,-1,-1
177,2364,293,149,288,257,-1,-1
177,2484,1205,134,191,182,-1,-1
177,2471,964,133,152,132,-1,-1
177,2531,553,153,185,141,-1,-1
177,2532,1079,145,158,144,-1,-1
178,2476,726,813,981,256,-1,-1
178,2364,297,153,292,260,-1,-1
178,2484,1199,134,192,181,-1,-1
178,2471,966,134,150,131,-1,-1
178,2531,558,153,185,142,-1,-1
178,2532,1077,144,156,143,-1,-1
179,2476,780,837,935,236,-1,-1
179,2364,300,157,295,264,-1,-1
179,2484,1193,133,193,181,-1,-1
179,2471,967,135,149,130,-1,-1
179,2531,563,152,184,144,-1,-1
179,2532,1073,144,155,142,-1,-1
180,2476,835,876,953,201,-1,-1
180,2364,303,161,299,267,-1,-1
180,2484,1187,133,194,180,-1,-1
180,2471,967,136,149,128,-1,-1
180,2531,568,152,182,145,-1,-1
180,2532,1068,143,154,140,-1,-1
181,2476,890,919,935,162,-1,-1
181,2364,306,165,303,271,-1,-1
181,2484,1181,133,195,179,-1,-1
181,2471,965,136,150,127,-1,-1
181,2531,574,151,180,146,-1,-1
181,2532,1062,143,153,139,-1,-1
182,2476,942,943,939,140,-1,-1
182,2364,309,169,307,276,-1,-1
182,2484,1175,133,195,179,-1,-1
182,2471,960,137,151,126,-1,-1
182,2531,579,152,178,147,-1,-1
182,2532,1056,142,152,138,-1,-1
183,2364,311,174,311,281,-1,-1
183,2484,1170,132,194,178,-1,-1
183,2471,954,138,150,124,-1,-1
183,2531,584,153,176,149,-1,-1
183,2532,1050,142,151,136,-1,-1
184,2364,314,178,315,286,-1,-1
184,2484,1165,132,194,177,-1,-1
184,2471,948,139,147,123,-1,-1
184,2531,588,154,176,152,-1,-1
184,2532,1046,142,151,135,-1,-1
185,2364,317,182,319,291,-1,-1
185,2484,1161,132,193,177,-1,-1
185,2471,942,140,144,121,-1,-1
185,2531,592,156,177,154,-1,-1
185,2532,1043,142,150,134,-1,-1
186,2364,320,186,324,295,-1,-1
186,2484,1157,132,193,176,-1,-1
186,2471,939,141,141,120,-1,-1
186,2531,596,158,179,157,-1,-1
186,2532,1040,141,149,133,-1,-1
187,2364,323,190,328,299,-1,-1
187,2484,1154,131,194,175,-1,-1
187,2471,937,142,140,119,-1,-1
187,2531,598,160,179,158,-1,-1
187,2532,1038,141,148,131,-1,-1
188,2364,327,194,332,302,-1,-1
188,2484,1151,131,195,175,-1,-1
188,2471,937,143,140,118,-1,-1
188,2531,599,161,180,159,-1,-1
188,2532,1035,141,147,130,-1,-1
189,2364,331,198,336,305,-1,-1
189,2484,1147,131,195,174,-1,-1
189,2471,938,144,140,116,-1,-1
189,2531,599,162,183,159,-1,-1
189,2532,1033,141,146,129,-1,-1
190,2364,336,202,340,309,-1,-1
190,2484,1143,130,196,173,-1,-1
190,2471,938,145,138,115,-1,-1
190,2531,598,162,187,160,-1,-1
190,2532,1032,141,144,127,-1,-1
191,2364,340,206,345,314,-1,-1
191,2484,1138,130,195,172,-1,-1
191,2471,937,146,136,114,-1,-1
191,2531,596,163,193,162,-1,-1
191,2532,1030,141,140,126,-1,-1
192,2364,346,210,351,320,-1,-1
192,2484,1134,130,194,172,-1,-1
192,2471,934,147,133,113,-1,-1
192,2531,595,164,200,165,-1,-1
192,2532,1027,141,137,125,-1,-1
193,2364,351,213,358,328,-1,-1
193,2484,1129,130,192,171,-1,-1
193,2471,931,147,131,112,-1,-1
193,2531,595,166,205,168,-1,-1
193,2532,1023,141,136,124,-1,-1
194,2364,356,217,366,336,-1,-1
194,2484,1125,129,190,170,-1,-1
194,2471,928,148,130,111,-1,-1
194,2531,599,168,209,170,-1,-1
194,2532,1018,141,138,123,-1,-1
195,2364,361,221,375,344,-1,-1
195,2484,1121,129,188,170,-1,-1
195,2471,925,149,130,110,-1,-1
195,2488,477,122,199,105,-1,-1
195,2531,605,171,212,171,-1,-1
195,2532,1011,142,143,122,-1,-1
196,2364,366,225,384,352,-1,-1
196,2484,1118,129,187,169,-1,-1
196,2471,923,150,131,109,-1,-1
196,2488,470,120,198,112,-1,-1
196,2531,611,174,215,171,-1,-1
196,2532,1002,142,147,121,-1,-1
197,2364,371,228,394,361,-1,-1
197,2484,1114,128,186,168,-1,-1
197,2471,923,150,131,108,-1,-1
197,2488,463,117,193,119,-1,-1
197,2531,616,178,215,172,-1,-1
197,2532,993,142,149,121,-1,-1
198,2364,375,232,404,370,-1,-1
198,2484,1111,128,185,168,-1,-1
198,2471,923,151,130,107,-1,-1
198,2488,457,115,187,125,-1,-1
198,2531,619,182,214,176,-1,-1
198,2532,986,142,149,120,-1,-1
199,2364,380,235,414,378,-1,-1
199,2484,1109,128,184,167,-1,-1
199,2471,925,152,127,106,-1,-1
199,2488,451,113,180,132,-1,-1
199,2531,620,186,214,180,-1,-1
199,2532,983,142,147,119,-1,-1
200,2364,384,237,423,386,-1,-1
200,2484,1106,128,184,166,-1,-1
200,2471,926,152,121,105,-1,-1
200,2488,446,112,174,137,-1,-1
200,2531,620,189,216,184,-1,-1
200,2532,984,142,144,119,-1,-1
201,2364,387,240,429,392,-1,-1
201,2484,1105,127,183,166,-1,-1
201,2471,928,153,115,104,-1,-1
201,2488,443,111,169,141,-1,-1
201,2531,619,192,220,186,-1,-1
201,2532,987,143,142,118,-1,-1
202,2364,390,242,433,396,-1,-1
202,2484,1103,127,183,165,-1,-1
202,2471,929,153,110,103,-1,-1
202,2488,441,110,166,144,-1,-1
202,2531,618,194,224,187,-1,-1
202,2532,989,143,140,118,-1,-1
203,2364,393,244,434,399,-1,-1
203,2484,1103,127,182,164,-1,-1
203,2471,930,154,107,103,-1,-1
203,2488,440,109,165,147,-1,-1
203,2531,618,195,226,186,-1,-1
203,2532,991,143,138,118,-1,-1
204,2364,394,245,434,400,-1,-1
204,2484,1103,127,182,163,-1,-1
204,2471,930,154,106,102,-1,-1
204,2488,439,108,165,148,-1,-1
204,2531,618,195,227,186,-1,-1
204,2532,992,143,137,118,-1,-1
205,2364,396,246,433,399,-1,-1
205,2484,1102,126,182,163,-1,-1
205,2471,930,155,106,101,-1,-1
205,2488,439,107,165,149,-1,-1
205,2531,619,194,227,186,-1,-1
205,2532,992,143,137,118,-1,-1
206,2364,396,247,431,398,-1,-1
206,2484,1102,126,182,162,-1,-1
206,2471,931,155,107,101,-1,-1
206,2488,440,106,166,150,-1,-1
206,2531,619,193,226,187,-1,-1
206,2532,991,143,138,118,-1,-1
207,2364,397,247,430,397,-1,-1
207,2484,1102,126,183,161,-1,-1
207,2471,931,155,107,100,-1,-1
207,2488,440,104,166,152,-1,-1
207,2531,619,193,226,187,-1,-1
207,2532,991,143,138,118,-1,-1
208,2364,397,248,429,396,-1,-1
208,2484,1101,125,182,161,-1,-1
208,2471,930,156,108,100,-1,-1
208,2488,441,102,165,153,-1,-1
208,2531,617,194,227,186,-1,-1
208,2532,991,143,139,119,-1,-1
209,2364,397,248,429,395,-1,-1
209,2484,1099,125,182,160,-1,-1
209,2471,930,156,107,99,-1,-1
209,2488,441,99,165,155,-1,-1
209,2531,614,198,231,182,-1,-1
209,2532,991,143,138,119,-1,-1
210,2364,397,248,429,395,-1,-1
210,2484,1096,125,180,159,-1,-1
210,2471,928,157,106,99,-1,-1
210,2488,442,95,164,158,-1,-1
210,2531,608,204,238,175,-1,-1
210,2532,991,143,136,120,-1,-1
211,2364,397,248,429,395,-1,-1
211,2484,1092,125,177,159,-1,-1
211,2471,926,157,103,98,-1,-1
211,2488,443,90,163,161,-1,-1
211,2531,600,212,249,167,-1,-1
211,2532,990,143,130,120,-1,-1
212,2484,1088,124,174,158,-1,-1
212,2471,924,157,100,98,-1,-1
212,2488,443,84,162,165,-1,-1
212,2531,591,223,260,161,-1,-1
212,2532,990,143,122,121,-1,-1
212,2480,1330,211,353,288,-1,-1
212,2364,485,346,556,522,-1,-1
213,2484,1084,124,171,157,-1,-1
213,2471,922,158,97,97,-1,-1
213,2488,444,79,161,170,-1,-1
213,2531,584,234,271,158,-1,-1
213,2532,990,143,116,121,-1,-1
213,2480,1310,209,351,282,-1,-1
213,2364,493,360,581,520,-1,-1
214,2484,1079,124,169,156,-1,-1
214,2471,921,158,95,97,-1,-1
214,2488,445,73,161,174,-1,-1
214,2531,579,245,279,162,-1,-1
214,2532,990,142,111,122,-1,-1
214,2480,1285,207,352,276,-1,-1
214,2364,500,373,604,519,-1,-1
215,2484,1076,123,167,156,-1,-1
215,2471,920,159,95,97,-1,-1
215,2488,445,67,161,179,-1,-1
215,2531,576,254,286,172,-1,-1
215,2532,989,142,109,122,-1,-1
215,2480,1264,205,353,270,-1,-1
215,2497,1710,367,209,301,-1,-1
215,2364,508,387,626,517,-1,-1
216,2484,1072,123,166,155,-1,-1
216,2471,920,159,95,96,-1,-1
216,2488,446,62,162,184,-1,-1
216,2531,575,263,292,188,-1,-1
216,2532,988,142,110,122,-1,-1
216,2480,1249,202,342,264,-1,-1
216,2497,1694,363,223,298,-1,-1
216,2364,516,401,653,516,-1,-1
217,2484,1068,123,166,154,-1,-1
217,2471,920,159,96,96,-1,-1
217,2488,447,57,163,189,-1,-1
217,2531,576,272,298,207,-1,-1
217,2532,986,142,113,123,-1,-1
217,2480,1235,199,330,260,-1,-1
217,2497,1677,358,236,295,-1,-1
217,2364,524,415,684,514,-1,-1
218,2484,1065,123,167,154,-1,-1
218,2471,920,160,97,96,-1,-1
218,2488,447,52,166,195,-1,-1
218,2531,578,279,305,227,-1,-1
218,2532,984,142,117,123,-1,-1
218,2480,1217,195,321,256,-1,-1
218,2497,1661,354,249,292,-1,-1
218,2364,531,429,714,513,-1,-1
219,2484,1061,122,168,153,-1,-1
219,2471,921,160,97,96,-1,-1
219,2488,448,49,169,200,-1,-1
219,2531,581,285,312,241,-1,-1
219,2532,982,141,120,122,-1,-1
219,2480,1200,191,313,252,-1,-1
219,2497,1644,349,263,289,-1,-1
219,2364,539,443,740,511,-1,-1
220,2484,1056,122,171,152,-1,-1
220,2471,921,160,96,96,-1,-1
220,2488,449,45,173,204,-1,-1
220,2531,584,291,318,251,-1,-1
220,2532,978,141,119,122,-1,-1
220,2480,1183,188,310,247,-1,-1
220,2497,1628,345,276,286,-1,-1
220,2364,547,457,770,510,-1,-1
221,2484,1052,122,174,152,-1,-1
221,2471,922,161,95,96,-1,-1
221,2488,451,43,177,208,-1,-1
221,2531,588,296,323,256,-1,-1
221,2532,974,141,116,122,-1,-1
221,2480,1167,184,304,242,-1,-1
221,2497,1611,340,289,282,-1,-1
221,2364,555,471,810,508,-1,-1
222,2484,1047,122,176,151,-1,-1
222,2471,923,161,94,95,-1,-1
222,2488,452,41,179,212,-1,-1
222,2531,592,299,327,262,-1,-1
222,2480,1154,181,293,237,-1,-1
222,2497,1595,336,303,279,-1,-1
222,2364,562,485,857,507,-1,-1
223,2484,1044,121,179,150,-1,-1
223,2471,924,161,94,95,-1,-1
223,2488,454,39,180,214,-1,-1
223,2531,595,301,329,270,-1,-1
223,2480,1143,178,283,233,-1,-1
223,2497,1578,331,316,276,-1,-1
223,2364,570,499,898,505,-1,-1
224,2484,1041,121,180,150,-1,-1
224,2471,925,162,94,95,-1,-1
224,2488,456,38,180,216,-1,-1
224,2531,597,302,329,279,-1,-1
224,2480,1135,176,280,231,-1,-1
224,2497,1562,327,329,273,-1,-1
224,2364,578,513,921,504,-1,-1
225,2484,1039,121,181,149,-1,-1
225,2471,925,162,94,95,-1,-1
225,2488,457,37,179,218,-1,-1
225,2531,599,303,327,286,-1,-1
225,2480,1131,175,283,231,-1,-1
225,2497,1545,322,343,270,-1,-1
225,2364,586,526,923,502,-1,-1
226,2484,1038,120,181,148,-1,-1
226,2471,925,162,95,96,-1,-1
226,2488,459,37,177,219,-1,-1
226,2531,601,302,324,288,-1,-1
226,2480,1130,174,284,231,-1,-1
226,2497,1529,318,356,267,-1,-1
226,2364,593,540,915,501,-1,-1
227,2484,1037,120,181,147,-1,-1
227,2471,925,163,95,96,-1,-1
227,2488,460,36,175,220,-1,-1
227,2531,601,303,321,284,-1,-1
227,2480,1131,173,283,232,-1,-1
227,2497,1512,313,369,264,-1,-1
227,2364,601,554,905,499,-1,-1
228,2484,1037,120,181,147,-1,-1
228,2471,925,163,95,96,-1,-1
228,2488,462,36,174,221,-1,-1
228,2531,602,306,319,276,-1,-1
228,2480,1133,172,280,233,-1,-1
228,2497,1496,309,383,261,-1,-1
228,2364,609,568,897,498,-1,-1
229,2484,1036,120,181,146,-1,-1
229,2471,925,163,95,96,-1,-1
229,2488,463,36,175,223,-1,-1
229,2531,603,313,322,270,-1,-1
229,2480,1135,170,282,234,-1,-1
229,2497,1479,304,396,258,-1,-1
229,2364,616,582,888,496,-1,-1
230,2484,1035,119,180,145,-1,-1
230,2471,925,163,95,96,-1,-1
230,2488,466,36,179,226,-1,-1
230,2531,606,325,333,271,-1,-1
230,2480,1129,167,290,232,-1,-1
230,2497,1463,300,409,254,-1,-1
230,2364,624,596,880,494,-1,-1
231,2484,1033,119,180,145,-1,-1
231,2471,926,163,94,97,-1,-1
231,2488,468,35,184,228,-1,-1
231,2531,609,343,354,287,-1,-1
231,2480,1106,161,283,229,-1,-1
231,2497,1446,296,423,251,-1,-1
231,2364,632,610,874,493,-1,-1
232,2471,927,164,94,97,-1,-1
232,2488,471,35,190,231,-1,-1
232,2531,613,364,380,315,-1,-1
232,2480,1067,155,251,225,-1,-1
232,2497,1334,256,308,224,-1,-1
233,2471,929,164,94,98,-1,-1
233,2488,475,35,196,234,-1,-1
233,2531,618,385,404,341,-1,-1
233,2480,1035,148,244,220,-1,-1
233,2497,1320,253,301,221,-1,-1
233,2495,1571,329,341,279,-1,-1
234,2471,931,164,95,98,-1,-1
234,2488,478,36,199,237,-1,-1
234,2531,623,406,424,357,-1,-1
234,2480,1015,141,251,216,-1,-1
234,2497,1304,248,296,219,-1,-1
234,2495,1553,326,356,277,-1,-1
235,2471,934,164,98,98,-1,-1
235,2488,482,36,200,239,-1,-1
235,2531,628,425,440,362,-1,-1
235,2480,1005,136,248,213,-1,-1
235,2497,1286,243,291,217,-1,-1
235,2495,1532,324,367,275,-1,-1
236,2471,936,164,101,99,-1,-1
236,2488,486,37,200,240,-1,-1
236,2531,632,442,455,363,-1,-1
236,2480,997,133,246,211,-1,-1
236,2497,1268,238,286,214,-1,-1
236,2495,1508,321,371,273,-1,-1
237,2471,937,164,105,99,-1,-1
237,2488,491,38,200,241,-1,-1
237,2531,636,458,470,366,-1,-1
237,2480,989,131,249,209,-1,-1
237,2497,1251,233,282,212,-1,-1
237,2495,1481,319,371,271,-1,-1
238,2488,495,39,202,241,-1,-1
238,2531,639,472,486,374,-1,-1
238,2480,980,131,251,208,-1,-1
238,2497,1235,228,277,210,-1,-1
238,2495,1454,316,367,269,-1,-1
239,2488,500,40,204,240,-1,-1
239,2531,641,484,503,387,-1,-1
239,2480,972,131,248,207,-1,-1
239,2497,1221,223,272,209,-1,-1
239,2495,1428,314,363,267,-1,-1
240,2488,503,42,206,239,-1,-1
240,2531,642,495,519,401,-1,-1
240,2480,964,133,246,206,-1,-1
240,2497,1208,220,270,208,-1,-1
240,2495,1406,311,359,266,-1,-1
241,2488,506,43,209,238,-1,-1
241,2531,642,503,531,414,-1,-1
241,2480,959,134,245,204,-1,-1
241,2497,1198,216,268,208,-1,-1
241,2495,1392,309,356,264,-1,-1
242,2488,508,44,210,237,-1,-1
242,2531,642,509,538,420,-1,-1
242,2480,957,135,245,202,-1,-1
242,2497,1192,214,267,208,-1,-1
242,2495,1384,306,355,262,-1,-1
243,2488,509,45,211,236,-1,-1
243,2531,642,512,541,421,-1,-1
243,2480,957,136,245,201,-1,-1
243,2497,1189,212,266,207,-1,-1
243,2495,1382,304,356,260,-1,-1
244,2488,510,45,210,235,-1,-1
244,2531,642,513,542,420,-1,-1
244,2480,957,136,245,201,-1,-1
244,2497,1189,212,266,208,-1,-1
244,2495,1383,301,356,258,-1,-1
245,2488,510,46,209,235,-1,-1
245,2531,642,513,541,418,-1,-1
245,2480,957,136,245,201,-1,-1
245,2497,1189,211,266,208,-1,-1
245,2495,1384,299,356,256,-1,-1
246,2488,510,46,207,235,-1,-1
246,2531,642,512,540,417,-1,-1
246,2480,957,136,245,201,-1,-1
246,2497,1189,211,266,208,-1,-1
246,2495,1385,297,355,254,-1,-1
247,2488,510,45,205,237,-1,-1
247,2531,642,512,540,418,-1,-1
247,2480,957,136,245,201,-1,-1
247,2497,1189,212,266,208,-1,-1
247,2495,1386,294,355,252,-1,-1
248,2488,512,45,204,240,-1,-1
248,2531,642,511,540,419,-1,-1
248,2480,957,136,245,202,-1,-1
248,2497,1189,213,267,208,-1,-1
248,2495,1386,292,355,250,-1,-1
249,2488,516,44,204,245,-1,-1
249,2531,642,511,540,419,-1,-1
249,2480,958,135,244,202,-1,-1
249,2497,1191,216,269,208,-1,-1
249,2495,1386,289,355,248,-1,-1
250,2488,521,42,208,251,-1,-1
250,2531,643,510,539,420,-1,-1
250,2480,957,134,246,202,-1,-1
250,2497,1196,220,269,207,-1,-1
250,2495,1385,287,355,246,-1,-1
251,2488,528,41,214,259,-1,-1
251,2531,644,510,538,419,-1,-1
251,2480,953,132,245,201,-1,-1
251,2497,1203,225,270,207,-1,-1
251,2495,1383,284,355,244,-1,-1
252,2488,536,39,223,267,-1,-1
252,2497,1209,229,270,206,-1,-1
252,2538,1057,177,222,178,-1,-1
252,2480,870,127,218,183,-1,-1
253,2488,545,37,231,276,-1,-1
253,2497,1210,232,271,206,-1,-1
253,2538,1049,176,219,176,-1,-1
253,2480,868,127,211,181,-1,-1
254,2488,553,35,238,285,-1,-1
254,2497,1204,233,272,206,-1,-1
254,2538,1042,174,217,175,-1,-1
254,2480,866,127,204,178,-1,-1
255,2488,562,34,242,294,-1,-1
255,2497,1193,231,272,206,-1,-1
255,2538,1034,173,214,174,-1,-1
255,2480,864,126,198,176,-1,-1
256,2488,569,32,244,301,-1,-1
256,2497,1182,228,269,206,-1,-1
256,2538,1027,171,211,172,-1,-1
256,2480,862,126,191,174,-1,-1
257,2488,576,31,246,308,-1,-1
257,2497,1171,224,265,206,-1,-1
257,2538,1019,170,208,171,-1,-1
257,2480,860,126,185,171,-1,-1
258,2488,581,31,247,313,-1,-1
258,2497,1161,220,260,206,-1,-1
258,2538,1011,168,205,170,-1,-1
258,2480,858,125,178,169,-1,-1
259,2488,586,31,249,318,-1,-1
259,2497,1151,215,256,205,-1,-1
259,2538,1004,167,203,168,-1,-1
259,2480,857,125,172,166,-1,-1
260,2488,590,31,250,321,-1,-1
260,2497,1142,212,252,203,-1,-1
260,2538,996,165,200,167,-1,-1
260,2480,855,125,165,164,-1,-1
261,2488,594,32,252,324,-1,-1
261,2497,1135,208,247,202,-1,-1
261,2538,989,164,197,165,-1,-1
261,2480,853,125,159,162,-1,-1
261,2540,1658,230,260,235,-1,-1
262,2488,599,33,255,326,-1,-1
262,2497,1127,205,243,200,-1,-1
262,2538,981,162,194,164,-1,-1
262,2480,851,124,152,159,-1,-1
262,2540,1637,228,278,232,-1,-1
263,2488,603,35,259,328,-1,-1
263,2497,1118,203,241,199,-1,-1
263,2538,973,161,191,163,-1,-1
263,2480,849,124,146,157,-1,-1
263,2540,1615,226,294,228,-1,-1
264,2488,608,37,264,330,-1,-1
264,2497,1108,200,240,199,-1,-1
264,2538,966,159,189,161,-1,-1
264,2480,847,124,139,154,-1,-1
264,2540,1593,224,304,224,-1,-1
265,2488,614,40,270,332,-1,-1
265,2497,1097,197,241,198,-1,-1
265,2538,958,158,186,160,-1,-1
265,2480,845,124,133,152,-1,-1
265,2540,1571,222,307,219,-1,-1
266,2488,620,43,277,333,-1,-1
266,2497,1085,195,244,197,-1,-1
266,2538,951,156,183,159,-1,-1
266,2540,1550,220,306,215,-1,-1
267,2488,627,47,284,334,-1,-1
267,2497,1072,192,247,195,-1,-1
267,2538,943,155,180,157,-1,-1
267,2540,1530,218,302,210,-1,-1
268,2488,634,50,290,335,-1,-1
268,2497,1057,190,250,194,-1,-1
268,2538,935,153,177,156,-1,-1
268,2540,1511,216,296,205,-1,-1
269,2488,642,54,295,337,-1,-1
269,2497,1040,187,253,193,-1,-1
269,2538,928,152,174,154,-1,-1
269,2540,1493,214,291,200,-1,-1
270,2488,651,58,297,339,-1,-1
270,2497,1022,184,256,193,-1,-1
270,2538,920,150,172,153,-1,-1
270,2540,1475,212,286,195,-1,-1
271,2488,660,61,299,341,-1,-1
271,2497,1006,181,255,193,-1,-1
271,2538,913,149,169,152,-1,-1
271,2540,1458,210,283,191,-1,-1
272,2488,669,65,299,344,-1,-1
272,2497,996,178,247,193,-1,-1
272,2540,1442,208,280,187,-1,-1
273,2488,678,68,300,348,-1,-1
273,2497,992,175,230,193,-1,-1
273,2540,1426,206,276,184,-1,-1
274,2488,686,70,303,352,-1,-1
274,2497,992,173,208,193,-1,-1
274,2540,1410,204,273,181,-1,-1
275,2488,694,72,309,356,-1,-1
275,2497,994,171,184,192,-1,-1
275,2540,1395,202,268,179,-1,-1
275,2541,1011,138,127,102,-1,-1
276,2488,701,74,317,360,-1,-1
276,2497,995,169,160,191,-1,-1
276,2540,1381,200,263,177,-1,-1
276,2541,1012,137,126,106,-1,-1
276,2542,1130,212,113,61,-1,-1
277,2488,706,76,326,364,-1,-1
277,2497,996,168,140,190,-1,-1
277,2540,1368,198,259,176,-1,-1
277,2541,1012,137,124,110,-1,-1
277,2542,1129,212,115,61,-1,-1
278,2488,710,77,336,367,-1,-1
278,2540,1357,196,254,175,-1,-1
278,2541,1013,136,123,113,-1,-1
278,2542,1129,211,117,62,-1,-1
278,2543,1758,364,158,265,-1,-1
279,2488,712,78,344,369,-1,-1
279,2540,1349,194,251,175,-1,-1
279,2541,1013,136,121,117,-1,-1
279,2542,1128,210,118,62,-1,-1
279,2543,1758,364,159,264,-1,-1
280,2488,714,79,350,370,-1,-1
280,2540,1343,192,250,176,-1,-1
280,2541,1014,135,120,121,-1,-1
280,2542,1127,210,120,63,-1,-1
280,2543,1757,364,159,262,-1,-1
281,2488,714,80,353,371,-1,-1
281,2540,1340,190,251,177,-1,-1
281,2541,1015,135,119,125,-1,-1
281,2542,1126,209,122,64,-1,-1
281,2543,1757,363,160,261,-1,-1
282,2488,714,81,353,371,-1,-1
282,2540,1338,188,252,179,-1,-1
282,2541,1015,134,117,128,-1,-1
282,2542,1125,209,123,64,-1,-1
282,2543,1756,363,161,260,-1,-1
283,2488,714,81,353,371,-1,-1
283,2540,1338,186,253,181,-1,-1
283,2541,1016,134,116,132,-1,-1
283,2542,1125,208,125,65,-1,-1
283,2543,1756,363,161,258,-1,-1
284,2488,713,81,353,371,-1,-1
284,2540,1338,184,253,183,-1,-1
284,2541,1016,133,114,136,-1,-1
284,2542,1124,207,127,66,-1,-1
284,2543,1755,362,162,257,-1,-1
285,2488,713,81,352,370,-1,-1
285,2540,1339,182,253,185,-1,-1
285,2541,1017,133,113,140,-1,-1
285,2542,1123,207,129,66,-1,-1
285,2543,1755,362,162,256,-1,-1
286,2488,713,81,352,370,-1,-1
286,2540,1340,180,252,187,-1,-1
286,2541,1018,132,112,143,-1,-1
286,2542,1122,206,130,67,-1,-1
286,2543,1754,361,163,254,-1,-1
287,2488,713,81,352,370,-1,-1
287,2540,1341,178,252,189,-1,-1
287,2541,1018,132,110,147,-1,-1
287,2542,1121,206,132,67,-1,-1
287,2543,1754,361,163,253,-1,-1
288,2488,713,81,352,370,-1,-1
288,2540,1341,176,252,191,-1,-1
288,2541,1019,131,109,151,-1,-1
288,2542,1121,205,134,68,-1,-1
288,2543,1753,361,164,252,-1,-1
289,2488,713,81,352,370,-1,-1
289,2540,1341,174,252,193,-1,-1
289,2541,1020,131,107,155,-1,-1
289,2542,1120,205,135,69,-1,-1
289,2543,1753,360,164,250,-1,-1
290,2488,713,80,352,371,-1,-1
290,2540,1340,172,252,194,-1,-1
290,2541,1020,130,106,158,-1,-1
290,2542,1119,204,137,69,-1,-1
290,2543,1752,360,165,249,-1,-1
291,2488,713,80,352,372,-1,-1
291,2540,1338,170,252,195,-1,-1
291,2541,1021,130,105,162,-1,-1
291,2542,1118,203,139,70,-1,-1
291,2543,1752,359,165,248,-1,-1
