1,2544,1348,763,272,172,-1,-1
1,2547,2043,915,154,134,-1,-1
1,2548,2198,910,59,56,-1,-1
2,2544,1327,761,284,175,-1,-1
2,2547,2046,915,152,132,-1,-1
2,2548,2198,910,58,56,-1,-1
3,2544,1307,759,294,177,-1,-1
3,2547,2050,915,150,130,-1,-1
3,2548,2198,910,58,56,-1,-1
4,2544,1288,757,304,179,-1,-1
4,2547,2053,915,148,128,-1,-1
4,2548,2198,910,58,56,-1,-1
5,2544,1271,755,312,181,-1,-1
5,2547,2056,915,145,126,-1,-1
5,2548,2198,910,58,56,-1,-1
6,2544,1254,753,319,184,-1,-1
6,2547,2060,915,143,124,-1,-1
6,2548,2197,910,58,56,-1,-1
7,2544,1236,751,326,186,-1,-1
7,2547,2063,914,140,121,-1,-1
7,2548,2197,911,58,56,-1,-1
8,2544,1219,749,333,188,-1,-1
8,2479,1946,829,72,65,-1,-1
8,2547,2067,914,137,119,-1,-1
8,2548,2197,911,57,56,-1,-1
9,2544,1200,747,341,191,-1,-1
9,2479,1944,830,73,64,-1,-1
9,2547,2070,914,134,117,-1,-1
9,2548,2197,911,57,57,-1,-1
10,2544,1181,745,349,193,-1,-1
10,2479,1943,831,74,63,-1,-1
10,2547,2074,914,132,115,-1,-1
10,2548,2197,911,57,57,-1,-1
11,2544,1160,743,358,195,-1,-1
11,2479,1941,832,75,62,-1,-1
11,2547,2078,914,129,112,-1,-1
11,2548,2197,911,57,57,-1,-1
12,2544,1139,741,368,198,-1,-1
12,2479,1938,833,75,61,-1,-1
12,2547,2082,914,126,110,-1,-1
12,2548,2197,911,57,57,-1,-1
13,2544,1118,739,377,200,-1,-1
13,2479,1936,833,75,61,-1,-1
13,2547,2086,914,123,108,-1,-1
13,2548,2197,912,57,57,-1,-1
14,2544,1098,737,387,202,-1,-1
14,2479,1934,834,75,60,-1,-1
14,2547,2090,914,120,106,-1,-1
14,2548,2196,912,56,57,-1,-1
15,2544,1078,735,397,204,-1,-1
15,2479,1931,834,74,59,-1,-1
15,2547,2094,914,117,104,-1,-1
15,2548,2196,912,56,57,-1,-1
16,2544,1059,733,406,207,-1,-1
16,2479,1928,835,74,59,-1,-1
16,2547,2098,913,114,101,-1,-1
16,2548,2196,912,56,57,-1,-1
17,2544,1041,731,415,209,-1,-1
17,2479,1924,835,73,58,-1,-1
17,2547,2102,913,111,99,-1,-1
17,2548,2196,912,56,57,-1,-1
18,2544,1024,729,423,211,-1,-1
18,2479,1920,836,73,58,-1,-1
18,2546,1958,835,53,44,-1,-1
18,2547,2106,913,108,97,-1,-1
18,2548,2196,912,56,57,-1,-1
19,2544,1007,727,430,214,-1,-1
19,2479,1916,836,73,58,-1,-1
19,2546,1958,835,53,44,-1,-1
19,2547,2110,913,106,95,-1,-1
19,2548,2196,912,56,57,-1,-1
20,2544,991,725,436,216,-1,-1
20,2479,1911,836,73,58,-1,-1
20,2546,1958,834,54,44,-1,-1
20,2547,2114,913,103,93,-1,-1
20,2548,2196,913,55,57,-1,-1
21,2544,975,723,442,218,-1,-1
21,2479,1905,836,73,58,-1,-1
21,2546,1958,834,55,45,-1,-1
21,2547,2117,913,101,92,-1,-1
21,2548,2196,913,55,57,-1,-1
22,2544,961,721,447,221,-1,-1
22,2479,1899,836,74,58,-1,-1
22,2546,1958,833,56,45,-1,-1
22,2547,2121,913,99,90,-1,-1
22,2548,2195,913,55,57,-1,-1
23,2544,947,719,452,223,-1,-1
23,2479,1893,836,75,58,-1,-1
23,2546,1958,833,57,45,-1,-1
23,2547,2124,913,98,88,-1,-1
23,2548,2195,913,55,57,-1,-1
24,2544,934,717,458,225,-1,-1
24,2479,1886,836,76,58,-1,-1
24,2546,1958,832,58,46,-1,-1
24,2547,2128,913,96,87,-1,-1
24,2548,2195,913,55,57,-1,-1
25,2544,921,715,465,228,-1,-1
25,2479,1879,835,77,59,-1,-1
25,2546,1957,832,59,46,-1,-1
25,2547,2131,912,95,85,-1,-1
25,2548,2195,913,55,57,-1,-1
26,2544,908,713,473,230,-1,-1
26,2479,1872,835,79,59,-1,-1
26,2546,1957,831,59,46,-1,-1
26,2547,2134,912,94,84,-1,-1
26,2548,2195,914,54,57,-1,-1
27,2544,897,711,481,232,-1,-1
27,2479,1864,834,81,60,-1,-1
27,2546,1957,831,60,47,-1,-1
27,2547,2136,912,94,83,-1,-1
27,2548,2195,914,54,58,-1,-1
28,2544,887,709,488,234,-1,-1
28,2479,1856,834,83,60,-1,-1
28,2546,1957,830,61,47,-1,-1
28,2547,2139,912,93,81,-1,-1
28,2548,2195,914,54,58,-1,-1
29,2544,878,707,493,237,-1,-1
29,2479,1849,833,85,61,-1,-1
29,2546,1957,830,62,47,-1,-1
29,2547,2142,912,93,80,-1,-1
29,2548,2194,914,54,58,-1,-1
30,2544,869,705,497,239,-1,-1
30,2479,1841,833,87,61,-1,-1
30,2546,1957,829,63,47,-1,-1
30,2547,2144,912,93,79,-1,-1
31,2544,860,703,499,241,-1,-1
31,2479,1832,832,88,62,-1,-1
31,2546,1957,829,64,48,-1,-1
31,2547,2146,912,93,78,-1,-1
32,2544,851,702,501,244,-1,-1
32,2479,1824,831,90,63,-1,-1
32,2546,1957,828,65,48,-1,-1
32,2547,2148,912,94,77,-1,-1
33,2544,842,700,503,246,-1,-1
33,2479,1816,830,91,64,-1,-1
33,2546,1957,828,65,48,-1,-1
33,2547,2151,912,94,76,-1,-1
34,2544,834,698,506,248,-1,-1
34,2479,1807,830,93,64,-1,-1
34,2546,1957,828,66,49,-1,-1
34,2547,2153,911,94,75,-1,-1
35,2544,826,696,510,251,-1,-1
35,2479,1799,829,94,65,-1,-1
35,2546,1956,827,67,49,-1,-1
35,2547,2155,911,94,74,-1,-1
36,2544,818,694,515,253,-1,-1
36,2479,1790,828,96,66,-1,-1
36,2546,1956,827,68,49,-1,-1
36,2547,2157,911,94,73,-1,-1
36,2549,160,975,1384,556,-1,-1
37,2544,812,692,520,255,-1,-1
37,2479,1781,827,97,67,-1,-1
37,2546,1956,826,69,50,-1,-1
37,2547,2159,911,94,73,-1,-1
37,2549,432,974,1186,526,-1,-1
38,2544,806,690,527,257,-1,-1
38,2479,1772,826,99,68,-1,-1
38,2546,1956,826,70,50,-1,-1
38,2547,2161,911,94,72,-1,-1
38,2549,671,973,1018,497,-1,-1
39,2544,799,688,533,260,-1,-1
39,2479,1763,825,101,69,-1,-1
39,2546,1956,825,70,50,-1,-1
39,2547,2163,911,93,71,-1,-1
39,2549,873,972,879,469,-1,-1
40,2544,791,686,541,262,-1,-1
40,2479,1754,824,103,69,-1,-1
40,2547,2165,911,93,70,-1,-1
40,2549,1040,971,770,443,-1,-1
41,2544,781,684,550,264,-1,-1
41,2479,1744,823,105,70,-1,-1
41,2547,2167,911,92,69,-1,-1
41,2549,1175,970,685,417,-1,-1
42,2544,771,682,558,267,-1,-1
42,2479,1735,822,107,71,-1,-1
42,2547,2169,911,91,69,-1,-1
42,2549,1285,970,618,393,-1,-1
43,2544,761,680,566,269,-1,-1
43,2479,1725,820,109,72,-1,-1
43,2547,2171,910,90,68,-1,-1
43,2549,1378,969,562,370,-1,-1
44,2544,751,678,572,271,-1,-1
44,2479,1715,819,112,73,-1,-1
44,2547,2173,910,89,67,-1,-1
44,2549,1459,968,513,349,-1,-1
45,2544,742,676,577,274,-1,-1
45,2479,1705,818,115,75,-1,-1
45,2547,2175,910,88,67,-1,-1
45,2549,1530,967,469,328,-1,-1
46,2544,734,674,580,276,-1,-1
46,2479,1695,817,118,76,-1,-1
46,2547,2177,910,87,66,-1,-1
46,2549,1593,966,429,310,-1,-1
47,2544,728,672,582,278,-1,-1
47,2479,1684,815,120,77,-1,-1
47,2547,2179,910,86,65,-1,-1
47,2549,1647,965,393,292,-1,-1
48,2544,722,670,582,280,-1,-1
48,2479,1673,814,124,78,-1,-1
48,2547,2180,910,84,65,-1,-1
48,2549,1693,964,363,276,-1,-1
49,2544,717,668,581,283,-1,-1
49,2479,1661,812,127,80,-1,-1
49,2547,2182,910,83,64,-1,-1
49,2549,1732,963,338,261,-1,-1
50,2544,712,666,580,285,-1,-1
50,2479,1649,811,130,81,-1,-1
50,2547,2184,910,82,64,-1,-1
50,2549,1765,962,318,247,-1,-1
51,2544,706,664,581,287,-1,-1
51,2479,1637,809,134,82,-1,-1
51,2547,2186,910,81,63,-1,-1
51,2549,1793,961,300,235,-1,-1
52,2544,697,662,585,290,-1,-1
52,2479,1624,807,137,84,-1,-1
52,2547,2187,909,80,63,-1,-1
52,2549,1818,960,284,223,-1,-1
53,2544,686,660,593,292,-1,-1
53,2479,1610,805,141,86,-1,-1
53,2547,2189,909,79,62,-1,-1
53,2549,1840,959,270,213,-1,-1
54,2544,672,658,603,294,-1,-1
54,2479,1595,803,144,87,-1,-1
54,2547,2190,909,78,62,-1,-1
54,2549,1859,959,258,204,-1,-1
55,2544,657,656,614,297,-1,-1
55,2479,1580,801,148,89,-1,-1
55,2547,2192,909,77,62,-1,-1
55,2549,1877,958,246,195,-1,-1
56,2544,642,654,625,299,-1,-1
56,2479,1564,799,152,91,-1,-1
56,2547,2193,909,77,61,-1,-1
56,2549,1892,957,236,188,-1,-1
57,2544,628,652,633,301,-1,-1
57,2479,1546,797,156,93,-1,-1
57,2547,2194,909,76,61,-1,-1
57,2549,1906,956,227,181,-1,-1
58,2544,615,650,637,303,-1,-1
58,2479,1529,795,161,95,-1,-1
58,2547,2196,909,75,60,-1,-1
58,2549,1919,955,219,174,-1,-1
59,2544,603,648,638,306,-1,-1
59,2479,1510,792,165,97,-1,-1
59,2547,2197,909,74,60,-1,-1
59,2549,1932,954,210,169,-1,-1
60,2544,590,646,638,308,-1,-1
60,2479,1490,790,171,99,-1,-1
60,2547,2198,908,73,60,-1,-1
60,2549,1944,953,202,163,-1,-1
61,2544,575,644,639,310,-1,-1
61,2479,1469,787,177,101,-1,-1
61,2547,2199,908,72,59,-1,-1
61,2549,1957,952,194,158,-1,-1
62,2544,556,642,643,313,-1,-1
62,2479,1448,785,183,103,-1,-1
62,2547,2200,908,71,59,-1,-1
62,2549,1969,951,186,153,-1,-1
63,2544,533,640,650,315,-1,-1
63,2479,1425,782,189,105,-1,-1
63,2547,2201,908,69,58,-1,-1
63,2549,1980,950,179,149,-1,-1
64,2544,506,639,661,317,-1,-1
64,2479,1402,779,196,107,-1,-1
64,2547,2202,908,68,58,-1,-1
64,2549,1990,949,173,145,-1,-1
65,2544,474,637,677,320,-1,-1
65,2479,1378,776,204,110,-1,-1
65,2547,2203,908,67,57,-1,-1
65,2549,1999,948,168,141,-1,-1
66,2544,438,635,695,322,-1,-1
66,2479,1354,772,211,112,-1,-1
66,2547,2204,908,65,56,-1,-1
66,2549,2007,948,164,137,-1,-1
67,2544,398,633,717,324,-1,-1
67,2479,1329,769,219,115,-1,-1
67,2547,2205,908,64,56,-1,-1
67,2549,2014,947,159,133,-1,-1
68,2544,353,631,742,327,-1,-1
68,2479,1303,765,227,118,-1,-1
68,2547,2206,908,62,55,-1,-1
68,2549,2020,946,155,129,-1,-1
69,2544,302,629,769,329,-1,-1
69,2479,1276,761,235,121,-1,-1
69,2547,2207,907,61,54,-1,-1
69,2549,2026,945,151,126,-1,-1
70,2544,245,627,796,331,-1,-1
70,2479,1248,757,243,124,-1,-1
70,2547,2208,907,59,54,-1,-1
70,2549,2032,944,146,123,-1,-1
71,2544,183,625,824,333,-1,-1
71,2479,1219,753,252,127,-1,-1
71,2547,2209,907,58,53,-1,-1
71,2549,2037,943,142,120,-1,-1
72,2544,120,623,849,336,-1,-1
72,2479,1189,748,261,131,-1,-1
72,2547,2210,907,56,52,-1,-1
72,2549,2041,942,139,117,-1,-1
73,2544,57,621,869,338,-1,-1
73,2479,1157,743,270,135,-1,-1
73,2547,2212,907,54,51,-1,-1
73,2549,2044,941,137,113,-1,-1
74,2544,-2,619,885,340,-1,-1
74,2479,1124,738,279,139,-1,-1
74,2547,2213,907,53,50,-1,-1
74,2549,2047,940,135,110,-1,-1
75,2479,1089,733,289,143,-1,-1
75,2547,2215,907,51,49,-1,-1
75,2549,2051,939,131,107,-1,-1
76,2479,1052,727,299,147,-1,-1
76,2547,2216,907,50,48,-1,-1
76,2549,2056,938,127,104,-1,-1
77,2479,1013,721,310,152,-1,-1
77,2549,2063,938,120,101,-1,-1
78,2479,971,714,323,158,-1,-1
78,2549,2071,937,114,98,-1,-1
78,2476,1942,829,80,70,-1,-1
79,2479,925,708,336,163,-1,-1
79,2549,2077,936,109,95,-1,-1
79,2476,1937,829,83,69,-1,-1
80,2479,877,700,352,169,-1,-1
80,2549,2082,935,106,92,-1,-1
80,2476,1933,830,83,68,-1,-1
81,2479,825,693,369,175,-1,-1
81,2549,2085,934,104,89,-1,-1
81,2476,1930,831,83,66,-1,-1
82,2479,769,685,389,182,-1,-1
82,2549,2087,933,103,87,-1,-1
82,2476,1928,832,82,65,-1,-1
83,2479,709,677,411,188,-1,-1
83,2549,2090,932,103,85,-1,-1
83,2476,1925,832,80,64,-1,-1
84,2479,645,669,436,196,-1,-1
84,2549,2092,931,102,83,-1,-1
84,2476,1921,833,79,63,-1,-1
85,2479,577,660,463,203,-1,-1
85,2549,2094,930,102,82,-1,-1
85,2476,1917,834,77,62,-1,-1
86,2479,506,652,492,211,-1,-1
86,2549,2095,929,102,80,-1,-1
86,2476,1913,834,76,61,-1,-1
87,2479,430,642,524,218,-1,-1
87,2549,2096,928,103,79,-1,-1
87,2476,1908,834,75,61,-1,-1
88,2479,350,633,558,227,-1,-1
88,2549,2097,927,104,78,-1,-1
88,2476,1902,834,75,60,-1,-1
89,2479,267,624,594,235,-1,-1
89,2549,2097,927,105,77,-1,-1
89,2476,1895,834,75,60,-1,-1
90,2479,180,614,633,243,-1,-1
90,2549,2097,926,106,76,-1,-1
90,2476,1887,834,77,60,-1,-1
91,2479,89,605,673,252,-1,-1
91,2549,2098,925,106,75,-1,-1
91,2476,1878,834,80,60,-1,-1
92,2549,2100,924,104,74,-1,-1
92,2476,1869,833,82,60,-1,-1
93,2549,2105,923,99,73,-1,-1
93,2476,1860,832,84,60,-1,-1
94,2549,2111,922,93,73,-1,-1
94,2476,1853,831,85,60,-1,-1
95,2549,2118,921,87,72,-1,-1
95,2476,1847,830,85,61,-1,-1
96,2549,2124,920,81,72,-1,-1
96,2476,1840,829,85,62,-1,-1
97,2549,2128,919,77,71,-1,-1
97,2480,232,734,1044,586,-1,-1
97,2476,1831,828,87,62,-1,-1
98,2549,2131,918,75,71,-1,-1
98,2480,372,746,962,547,-1,-1
98,2476,1822,827,89,63,-1,-1
99,2549,2132,917,75,71,-1,-1
99,2480,512,758,879,507,-1,-1
99,2476,1812,825,92,64,-1,-1
100,2549,2133,917,75,71,-1,-1
100,2480,652,769,797,468,-1,-1
100,2476,1801,824,95,65,-1,-1
101,2549,2134,916,76,71,-1,-1
101,2480,792,781,715,429,-1,-1
101,2476,1789,822,99,66,-1,-1
102,2549,2136,915,77,72,-1,-1
102,2480,932,793,632,390,-1,-1
102,2476,1778,821,103,68,-1,-1
103,2549,2137,914,79,72,-1,-1
103,2480,1072,805,550,350,-1,-1
103,2476,1767,819,106,69,-1,-1
104,2549,2138,913,81,72,-1,-1
104,2480,1212,816,468,311,-1,-1
104,2476,1757,818,109,70,-1,-1
105,2549,2140,912,84,72,-1,-1
105,2480,1352,828,386,272,-1,-1
105,2476,1747,816,110,71,-1,-1
106,2549,2142,911,86,72,-1,-1
106,2550,2161,917,99,69,-1,-1
106,2480,1492,840,303,233,-1,-1
106,2476,1738,814,112,72,-1,-1
107,2550,2164,918,98,69,-1,-1
107,2476,1728,813,113,73,-1,-1
107,2480,1436,861,353,209,-1,-1
108,2550,2166,919,98,68,-1,-1
108,2476,1720,811,112,75,-1,-1
108,2480,1484,861,329,203,-1,-1
109,2550,2168,921,97,68,-1,-1
109,2476,1711,810,111,76,-1,-1
109,2480,1529,862,306,196,-1,-1
110,2550,2171,922,96,67,-1,-1
110,2476,1702,808,110,77,-1,-1
110,2480,1571,863,286,190,-1,-1
111,2550,2173,923,95,66,-1,-1
111,2476,1690,807,111,78,-1,-1
111,2480,1611,863,268,184,-1,-1
112,2550,2176,925,94,66,-1,-1
112,2476,1675,805,115,79,-1,-1
112,2480,1646,864,252,177,-1,-1
113,2550,2178,926,93,65,-1,-1
113,2476,1659,803,120,80,-1,-1
113,2480,1679,864,238,171,-1,-1
114,2550,2181,927,92,65,-1,-1
114,2476,1642,802,126,81,-1,-1
114,2480,1708,865,226,165,-1,-1
115,2550,2183,929,92,64,-1,-1
115,2476,1625,800,132,83,-1,-1
115,2480,1735,866,215,160,-1,-1
116,2550,2186,930,91,64,-1,-1
116,2476,1608,798,138,84,-1,-1
116,2497,-142,775,656,579,-1,-1
116,2480,1759,866,205,154,-1,-1
117,2550,2188,931,90,63,-1,-1
117,2476,1590,797,143,85,-1,-1
117,2497,1,782,767,544,-1,-1
117,2480,1781,867,196,149,-1,-1
118,2550,2190,933,89,63,-1,-1
118,2476,1572,795,149,87,-1,-1
118,2497,144,789,806,509,-1,-1
118,2480,1801,868,187,144,-1,-1
119,2550,2193,934,88,62,-1,-1
119,2476,1553,793,154,89,-1,-1
119,2497,287,796,802,474,-1,-1
119,2480,1819,868,178,139,-1,-1
120,2550,2195,935,87,61,-1,-1
120,2476,1534,790,160,90,-1,-1
120,2497,429,804,791,439,-1,-1
120,2480,1837,869,170,135,-1,-1
121,2550,2198,937,87,61,-1,-1
121,2476,1514,788,165,92,-1,-1
121,2497,572,811,765,404,-1,-1
121,2480,1853,869,162,131,-1,-1
122,2476,1493,785,171,95,-1,-1
122,2497,715,818,715,369,-1,-1
122,2480,1868,870,155,126,-1,-1
123,2476,1471,783,177,97,-1,-1
123,2497,857,825,633,334,-1,-1
123,2480,1882,871,148,122,-1,-1
124,2476,1447,780,185,99,-1,-1
124,2497,1000,832,547,299,-1,-1
124,2480,1895,871,142,119,-1,-1
125,2476,1422,776,194,102,-1,-1
125,2497,1143,839,459,264,-1,-1
125,2480,1907,872,137,115,-1,-1
126,2476,1396,773,203,105,-1,-1
126,2497,1286,846,360,229,-1,-1
126,2480,1919,872,132,111,-1,-1
127,2476,1369,769,213,108,-1,-1
127,2497,1428,853,263,194,-1,-1
127,2480,1930,873,128,108,-1,-1
128,2476,1341,765,223,112,-1,-1
128,2554,1415,869,311,167,-1,-1
128,2480,1940,874,124,105,-1,-1
129,2476,1311,761,234,116,-1,-1
129,2554,1462,870,291,163,-1,-1
129,2480,1949,874,120,102,-1,-1
130,2476,1281,757,245,120,-1,-1
130,2554,1508,871,272,160,-1,-1
130,2480,1958,875,116,99,-1,-1
131,2476,1249,752,255,124,-1,-1
131,2554,1551,871,255,156,-1,-1
131,2495,-167,760,691,524,-1,-1
131,2480,1967,876,113,96,-1,-1
132,2476,1217,747,266,129,-1,-1
132,2554,1591,872,239,152,-1,-1
132,2495,-20,766,669,493,-1,-1
132,2480,1975,876,109,93,-1,-1
133,2476,1183,741,277,134,-1,-1
133,2554,1628,873,225,149,-1,-1
133,2495,126,773,646,461,-1,-1
133,2480,1983,877,105,90,-1,-1
134,2476,1149,735,287,139,-1,-1
134,2554,1662,873,212,145,-1,-1
134,2495,273,780,624,429,-1,-1
134,2480,1991,877,101,88,-1,-1
135,2476,1114,729,296,145,-1,-1
135,2554,1693,874,199,142,-1,-1
135,2495,420,787,601,398,-1,-1
135,2480,1998,878,97,85,-1,-1
136,2476,1078,722,307,152,-1,-1
136,2554,1720,875,188,138,-1,-1
136,2495,566,793,579,366,-1,-1
136,2480,2006,879,94,83,-1,-1
137,2476,1037,715,321,158,-1,-1
137,2554,1746,875,177,134,-1,-1
137,2495,713,800,556,334,-1,-1
137,2480,2012,879,91,80,-1,-1
138,2476,991,707,340,166,-1,-1
138,2554,1769,876,166,131,-1,-1
138,2495,860,807,534,303,-1,-1
138,2480,2019,880,88,78,-1,-1
139,2476,940,699,363,173,-1,-1
139,2554,1790,876,157,127,-1,-1
139,2495,1006,814,511,271,-1,-1
139,2480,2025,880,85,76,-1,-1
140,2476,884,691,390,181,-1,-1
140,2554,1810,877,149,123,-1,-1
140,2495,1153,821,489,240,-1,-1
140,2480,2031,881,83,74,-1,-1
141,2476,825,682,419,190,-1,-1
141,2554,1827,878,142,120,-1,-1
141,2495,1300,827,466,208,-1,-1
141,2480,2036,882,81,71,-1,-1
142,2476,765,672,448,199,-1,-1
142,2554,1844,878,135,116,-1,-1
142,2480,2042,882,79,69,-1,-1
142,2495,1343,855,321,175,-1,-1
143,2476,703,663,475,208,-1,-1
143,2554,1859,879,130,113,-1,-1
143,2480,2047,883,77,67,-1,-1
143,2495,1397,856,298,170,-1,-1
144,2476,639,652,501,218,-1,-1
144,2554,1873,880,125,109,-1,-1
144,2480,2053,883,75,65,-1,-1
144,2495,1448,858,278,164,-1,-1
145,2476,572,642,528,228,-1,-1
145,2554,1887,880,120,105,-1,-1
145,2480,2058,884,73,63,-1,-1
145,2495,1496,859,259,159,-1,-1
146,2476,498,631,557,239,-1,-1
146,2554,1900,881,116,102,-1,-1
146,2480,2063,885,71,61,-1,-1
146,2495,1540,860,242,153,-1,-1
146,2364,1906,841,83,54,-1,-1
147,2476,416,620,591,249,-1,-1
147,2554,1912,882,112,98,-1,-1
147,2480,2068,885,70,59,-1,-1
147,2495,1581,862,226,147,-1,-1
147,2364,1901,839,82,55,-1,-1
148,2476,325,608,631,260,-1,-1
148,2554,1924,882,108,95,-1,-1
148,2480,2074,886,68,57,-1,-1
148,2495,1618,863,212,142,-1,-1
148,2364,1897,837,79,57,-1,-1
149,2476,229,597,675,272,-1,-1
149,2554,1935,883,105,91,-1,-1
149,2480,2079,887,67,56,-1,-1
149,2495,1652,864,199,136,-1,-1
149,2364,1892,836,79,58,-1,-1
150,2476,135,585,714,283,-1,-1
150,2554,1946,884,101,87,-1,-1
150,2480,2083,887,65,54,-1,-1
150,2495,1684,866,187,130,-1,-1
150,2364,1882,835,82,59,-1,-1
151,2476,52,573,743,295,-1,-1
151,2554,1957,884,98,84,-1,-1
151,2480,2088,888,64,52,-1,-1
151,2495,1712,867,176,124,-1,-1
151,2364,1872,834,87,60,-1,-1
152,2476,-19,561,757,306,-1,-1
152,2554,1966,885,96,80,-1,-1
152,2480,2092,888,63,51,-1,-1
152,2495,1738,868,165,119,-1,-1
152,2364,1862,833,90,60,-1,-1
153,2554,1975,886,94,77,-1,-1
153,2480,2097,889,62,50,-1,-1
153,2495,1762,870,156,113,-1,-1
153,2364,1854,832,92,61,-1,-1
153,2563,1681,957,331,239,-1,-1
154,2554,1983,886,92,73,-1,-1
154,2480,2101,890,61,48,-1,-1
154,2495,1784,871,148,108,-1,-1
154,2364,1846,831,93,62,-1,-1
154,2563,1721,956,307,223,-1,-1
155,2554,1990,887,91,69,-1,-1
155,2480,2104,890,61,47,-1,-1
155,2495,1804,872,140,103,-1,-1
155,2364,1838,830,94,63,-1,-1
155,2563,1758,954,284,208,-1,-1
156,2554,1997,887,89,66,-1,-1
156,2480,2107,891,60,46,-1,-1
156,2495,1822,874,134,99,-1,-1
156,2364,1829,829,95,64,-1,-1
156,2563,1794,953,264,194,-1,-1
157,2554,2003,888,88,62,-1,-1
157,2480,2110,891,59,45,-1,-1
157,2495,1839,875,128,95,-1,-1
157,2364,1819,828,97,65,-1,-1
157,2563,1826,950,245,181,-1,-1
158,2554,2009,889,87,58,-1,-1
158,2480,2113,892,59,44,-1,-1
158,2495,1855,876,123,91,-1,-1
158,2364,1807,827,100,66,-1,-1
158,2563,1855,947,228,170,-1,-1
159,2554,2014,889,85,55,-1,-1
159,2480,2115,893,58,43,-1,-1
159,2495,1870,877,119,87,-1,-1
159,2364,1792,826,105,67,-1,-1
159,2563,1882,944,213,160,-1,-1
160,2554,2020,890,83,51,-1,-1
160,2480,2116,893,58,42,-1,-1
160,2495,1884,878,115,84,-1,-1
160,2364,1778,825,110,68,-1,-1
160,2563,1905,941,200,152,-1,-1
161,2554,2025,891,80,48,-1,-1
161,2480,2117,894,59,42,-1,-1
161,2495,1897,879,112,81,-1,-1
161,2364,1767,823,112,70,-1,-1
161,2563,1926,937,188,145,-1,-1
162,2554,2031,891,77,44,-1,-1
162,2480,2118,894,60,41,-1,-1
162,2495,1909,880,108,79,-1,-1
162,2364,1757,821,112,72,-1,-1
162,2563,1945,934,178,140,-1,-1
163,2554,2038,892,74,40,-1,-1
163,2480,2118,895,61,40,-1,-1
163,2495,1921,881,105,76,-1,-1
163,2364,1747,819,114,74,-1,-1
163,2563,1961,931,169,135,-1,-1
164,2480,2117,896,64,39,-1,-1
164,2495,1932,882,102,74,-1,-1
164,2364,1735,817,116,76,-1,-1
164,2563,1976,928,161,131,-1,-1
165,2480,2117,896,66,38,-1,-1
165,2495,1942,883,99,72,-1,-1
165,2364,1722,815,119,78,-1,-1
165,2563,1989,926,153,128,-1,-1
166,2480,2116,897,69,37,-1,-1
166,2495,1952,883,96,71,-1,-1
166,2364,1710,813,122,81,-1,-1
166,2563,2000,925,147,124,-1,-1
167,2495,1961,884,93,69,-1,-1
167,2364,1699,810,123,83,-1,-1
167,2563,2011,924,141,121,-1,-1
168,2495,1970,885,90,68,-1,-1
168,2364,1685,808,127,86,-1,-1
168,2563,2021,923,136,117,-1,-1
169,2495,1979,886,88,66,-1,-1
169,2364,1670,805,131,88,-1,-1
169,2563,2030,923,131,113,-1,-1
170,2495,1987,886,85,65,-1,-1
170,2531,1946,856,69,52,-1,-1
170,2364,1653,802,137,91,-1,-1
170,2563,2039,923,126,110,-1,-1
171,2495,1995,887,83,64,-1,-1
171,2531,1941,855,69,52,-1,-1
171,2364,1634,800,143,93,-1,-1
171,2563,2047,922,122,106,-1,-1
172,2495,2002,887,81,62,-1,-1
172,2531,1935,855,70,52,-1,-1
172,2364,1615,797,149,96,-1,-1
172,2563,2055,922,118,102,-1,-1
173,2495,2009,888,79,61,-1,-1
173,2531,1929,854,70,52,-1,-1
173,2364,1598,794,152,98,-1,-1
173,2563,2062,921,114,99,-1,-1
174,2495,2015,888,77,60,-1,-1
174,2531,1922,853,71,52,-1,-1
174,2364,1580,792,155,101,-1,-1
174,2563,2069,920,111,96,-1,-1
175,2495,2022,889,75,59,-1,-1
175,2531,1915,853,72,51,-1,-1
175,2364,1561,789,159,103,-1,-1
175,2563,2075,918,108,94,-1,-1
176,2495,2028,889,73,58,-1,-1
176,2531,1907,852,73,52,-1,-1
176,2364,1539,786,165,106,-1,-1
176,2563,2081,916,105,92,-1,-1
177,2495,2033,889,72,57,-1,-1
177,2531,1898,851,75,52,-1,-1
177,2364,1516,783,171,108,-1,-1
177,2563,2087,914,102,91,-1,-1
178,2495,2038,890,71,56,-1,-1
178,2531,1889,850,77,52,-1,-1
178,2364,1492,781,177,111,-1,-1
178,2563,2092,911,100,90,-1,-1
179,2499,-111,772,928,574,-1,-1
179,2495,2043,890,70,55,-1,-1
179,2531,1880,849,78,53,-1,-1
179,2364,1466,778,184,113,-1,-1
179,2563,2097,909,98,89,-1,-1
180,2499,56,781,870,532,-1,-1
180,2495,2048,890,69,54,-1,-1
180,2531,1870,848,80,53,-1,-1
180,2364,1437,774,193,116,-1,-1
180,2563,2102,907,95,88,-1,-1
181,2499,223,791,813,489,-1,-1
181,2495,2052,891,67,53,-1,-1
181,2531,1860,847,82,54,-1,-1
181,2364,1406,771,203,118,-1,-1
181,2563,2107,906,93,87,-1,-1
182,2499,390,800,755,447,-1,-1
182,2495,2056,891,66,52,-1,-1
182,2531,1850,845,84,55,-1,-1
182,2364,1372,767,215,122,-1,-1
182,2563,2112,905,90,85,-1,-1
183,2499,557,810,698,405,-1,-1
183,2495,2060,891,65,51,-1,-1
183,2531,1840,843,86,56,-1,-1
183,2364,1338,763,226,125,-1,-1
183,2563,2117,905,88,83,-1,-1
184,2499,724,819,640,362,-1,-1
184,2495,2064,891,63,50,-1,-1
184,2531,1829,842,88,58,-1,-1
184,2364,1307,759,233,129,-1,-1
184,2563,2122,905,85,81,-1,-1
185,2499,891,829,583,320,-1,-1
185,2495,2068,892,61,49,-1,-1
185,2531,1818,840,89,59,-1,-1
185,2364,1278,753,238,133,-1,-1
185,2563,2127,906,83,79,-1,-1
186,2499,1058,838,526,278,-1,-1
186,2495,2072,892,60,49,-1,-1
186,2531,1806,838,91,61,-1,-1
186,2364,1243,748,249,139,-1,-1
186,2563,2132,906,81,77,-1,-1
187,2499,1225,848,468,236,-1,-1
187,2495,2075,892,58,48,-1,-1
187,2531,1794,836,94,62,-1,-1
187,2364,1198,741,268,144,-1,-1
187,2563,2136,907,79,75,-1,-1
188,2499,1392,858,411,193,-1,-1
188,2495,2079,892,57,47,-1,-1
188,2531,1781,834,96,64,-1,-1
188,2364,1147,734,294,151,-1,-1
188,2563,2139,908,78,73,-1,-1
189,2495,2083,892,57,47,-1,-1
189,2531,1768,832,99,66,-1,-1
189,2364,1096,725,319,158,-1,-1
189,2499,1387,863,339,189,-1,-1
189,2563,2143,909,77,71,-1,-1
190,2495,2087,892,57,46,-1,-1
190,2531,1754,830,103,67,-1,-1
190,2364,1047,716,340,167,-1,-1
190,2499,1446,864,309,182,-1,-1
190,2563,2146,909,77,69,-1,-1
191,2495,2090,892,57,46,-1,-1
191,2531,1740,828,107,69,-1,-1
191,2364,998,706,361,176,-1,-1
191,2499,1501,866,282,175,-1,-1
191,2563,2148,910,76,67,-1,-1
192,2495,2093,893,58,45,-1,-1
192,2531,1725,826,111,70,-1,-1
192,2364,944,696,384,186,-1,-1
192,2499,1552,867,259,168,-1,-1
192,2563,2150,910,76,64,-1,-1
193,2495,2096,893,59,45,-1,-1
193,2531,1710,824,115,72,-1,-1
193,2364,882,684,414,196,-1,-1
193,2499,1598,869,238,161,-1,-1
193,2563,2152,911,76,62,-1,-1
194,2495,2099,893,60,45,-1,-1
194,2531,1695,823,119,74,-1,-1
194,2364,810,672,450,208,-1,-1
194,2499,1639,871,220,154,-1,-1
194,2563,2153,911,75,60,-1,-1
195,2495,2102,893,61,45,-1,-1
195,2531,1679,821,124,75,-1,-1
195,2364,736,659,486,219,-1,-1
195,2499,1676,873,205,147,-1,-1
195,2563,2155,910,74,58,-1,-1
196,2495,2104,893,61,44,-1,-1
196,2531,1662,819,128,77,-1,-1
196,2364,660,646,520,232,-1,-1
196,2499,1708,875,193,141,-1,-1
196,2563,2156,910,72,56,-1,-1
197,2495,2106,893,61,44,-1,-1
197,2531,1645,817,132,78,-1,-1
197,2364,579,632,556,244,-1,-1
197,2499,1736,877,183,134,-1,-1
197,2563,2156,909,71,54,-1,-1
198,2495,2109,893,61,44,-1,-1
198,2531,1627,815,136,79,-1,-1
198,2364,491,619,595,257,-1,-1
198,2499,1761,879,174,128,-1,-1
198,2562,2177,907,70,58,-1,-1
198,2563,2157,907,69,52,-1,-1
199,2495,2111,893,60,44,-1,-1
199,2531,1609,813,139,81,-1,-1
199,2364,392,605,641,271,-1,-1
199,2499,1783,881,167,122,-1,-1
199,2562,2178,907,69,57,-1,-1
199,2563,2157,906,66,50,-1,-1
200,2495,2113,893,58,43,-1,-1
200,2531,1590,812,143,82,-1,-1
200,2364,280,590,696,284,-1,-1
200,2499,1803,882,161,117,-1,-1
200,2562,2179,907,68,57,-1,-1
200,2563,2157,904,64,48,-1,-1
201,2495,2115,893,57,43,-1,-1
201,2531,1570,810,146,84,-1,-1
201,2364,164,576,751,297,-1,-1
201,2499,1821,884,155,111,-1,-1
201,2562,2181,907,67,56,-1,-1
201,2563,2158,903,61,46,-1,-1
202,2495,2117,893,55,42,-1,-1
202,2531,1549,808,149,85,-1,-1
202,2364,72,563,779,310,-1,-1
202,2499,1837,885,150,107,-1,-1
202,2562,2182,907,66,55,-1,-1
202,2563,2158,901,58,45,-1,-1
203,2495,2119,893,52,42,-1,-1
203,2531,1527,806,152,87,-1,-1
203,2364,25,549,758,323,-1,-1
203,2499,1853,887,145,102,-1,-1
203,2562,2184,907,65,54,-1,-1
203,2563,2159,900,55,44,-1,-1
204,2495,2121,894,50,42,-1,-1
204,2531,1505,803,156,88,-1,-1
204,2364,17,536,694,335,-1,-1
204,2499,1867,888,141,98,-1,-1
204,2562,2185,907,63,52,-1,-1
204,2563,2160,900,52,42,-1,-1
205,2495,2123,894,48,41,-1,-1
205,2531,1481,801,160,90,-1,-1
205,2499,1881,889,136,94,-1,-1
205,2562,2187,907,62,51,-1,-1
205,2563,2161,899,49,41,-1,-1
206,2495,2125,894,46,41,-1,-1
206,2531,1456,799,164,92,-1,-1
206,2499,1894,889,131,90,-1,-1
206,2562,2188,907,60,49,-1,-1
206,2563,2163,899,47,40,-1,-1
206,2564,2088,881,44,32,-1,-1
207,2495,2127,894,44,40,-1,-1
207,2531,1430,796,170,93,-1,-1
207,2499,1907,890,127,87,-1,-1
207,2562,2190,907,59,47,-1,-1
207,2563,2164,899,45,40,-1,-1
207,2564,2087,880,45,33,-1,-1
208,2495,2129,894,42,40,-1,-1
208,2531,1401,793,176,95,-1,-1
208,2499,1919,890,122,84,-1,-1
208,2562,2191,906,57,46,-1,-1
208,2563,2165,899,43,39,-1,-1
208,2564,2086,879,46,34,-1,-1
209,2495,2131,894,40,40,-1,-1
209,2531,1372,790,184,98,-1,-1
209,2499,1931,891,118,82,-1,-1
209,2562,2193,906,56,45,-1,-1
209,2563,2166,899,42,39,-1,-1
209,2564,2085,878,46,34,-1,-1
210,2495,2133,894,38,39,-1,-1
210,2531,1340,787,194,100,-1,-1
210,2499,1942,891,113,79,-1,-1
210,2562,2194,906,55,44,-1,-1
210,2563,2166,899,41,40,-1,-1
210,2564,2084,878,47,35,-1,-1
211,2495,2135,894,37,39,-1,-1
211,2531,1306,783,204,102,-1,-1
211,2499,1952,891,109,77,-1,-1
211,2562,2195,906,54,43,-1,-1
211,2563,2167,899,41,40,-1,-1
211,2564,2083,877,47,36,-1,-1
212,2495,2136,894,36,38,-1,-1
212,2531,1271,779,214,105,-1,-1
212,2499,1963,890,104,75,-1,-1
212,2562,2196,906,53,42,-1,-1
212,2563,2167,899,41,40,-1,-1
212,2564,2082,876,48,36,-1,-1
213,2495,2138,894,34,38,-1,-1
213,2531,1234,775,226,109,-1,-1
213,2499,1972,890,100,73,-1,-1
213,2562,2196,906,53,41,-1,-1
213,2563,2167,899,40,40,-1,-1
213,2564,2081,875,49,37,-1,-1
214,2495,2140,894,33,38,-1,-1
214,2531,1196,770,237,112,-1,-1
214,2499,1981,890,96,71,-1,-1
214,2562,2197,906,52,41,-1,-1
214,2563,2168,899,40,39,-1,-1
214,2564,2080,875,49,38,-1,-1
215,2495,2141,894,32,37,-1,-1
215,2531,1156,765,249,116,-1,-1
215,2499,1990,889,93,70,-1,-1
215,2562,2198,906,52,40,-1,-1
215,2563,2168,899,40,39,-1,-1
215,2564,2079,874,50,38,-1,-1
216,2495,2143,894,31,37,-1,-1
216,2531,1113,759,260,120,-1,-1
216,2499,1998,889,89,69,-1,-1
216,2562,2199,906,51,40,-1,-1
216,2563,2169,899,39,38,-1,-1
216,2564,2078,873,51,39,-1,-1
217,2495,2144,893,30,36,-1,-1
217,2531,1069,753,272,125,-1,-1
217,2499,2005,888,86,67,-1,-1
217,2562,2199,906,51,39,-1,-1
217,2563,2170,899,39,37,-1,-1
218,2495,2144,893,29,36,-1,-1
218,2531,1022,746,285,130,-1,-1
218,2499,2012,888,84,66,-1,-1
218,2562,2200,905,50,39,-1,-1
218,2563,2170,899,38,37,-1,-1
219,2495,2144,893,28,36,-1,-1
219,2531,971,739,298,135,-1,-1
219,2499,2019,887,81,65,-1,-1
219,2562,2201,905,50,39,-1,-1
219,2563,2171,899,37,36,-1,-1
220,2495,2144,893,28,36,-1,-1
220,2531,916,732,313,141,-1,-1
220,2499,2025,887,79,64,-1,-1
220,2562,2201,905,50,39,-1,-1
220,2563,2172,898,37,35,-1,-1
221,2495,2143,893,28,35,-1,-1
221,2531,857,724,331,147,-1,-1
221,2499,2031,887,77,63,-1,-1
221,2562,2202,905,49,39,-1,-1
221,2563,2173,898,36,35,-1,-1
222,2495,2141,893,29,35,-1,-1
222,2531,792,715,351,154,-1,-1
222,2499,2037,887,75,62,-1,-1
222,2562,2203,905,49,38,-1,-1
222,2563,2174,898,34,34,-1,-1
223,2495,2138,893,30,35,-1,-1
223,2531,722,707,375,161,-1,-1
223,2499,2043,886,73,61,-1,-1
223,2562,2203,905,49,38,-1,-1
223,2563,2175,897,33,34,-1,-1
224,2495,2135,893,32,35,-1,-1
224,2531,644,698,403,168,-1,-1
224,2499,2048,886,72,60,-1,-1
224,2562,2203,905,49,38,-1,-1
224,2563,2177,897,32,33,-1,-1
225,2495,2131,894,34,34,-1,-1
225,2531,561,688,435,176,-1,-1
225,2499,2053,886,72,59,-1,-1
225,2562,2203,905,50,38,-1,-1
225,2563,2178,897,30,33,-1,-1
226,2495,2127,894,37,34,-1,-1
226,2531,470,678,472,184,-1,-1
226,2499,2057,887,72,58,-1,-1
226,2562,2203,905,50,38,-1,-1
226,2563,2180,896,29,33,-1,-1
227,2495,2121,894,41,34,-1,-1
227,2531,372,669,514,193,-1,-1
227,2499,2060,887,72,57,-1,-1
227,2562,2203,905,51,38,-1,-1
227,2563,2182,896,27,32,-1,-1
228,2495,2116,894,45,33,-1,-1
228,2531,268,658,561,201,-1,-1
228,2499,2063,887,73,56,-1,-1
228,2562,2203,905,52,38,-1,-1
228,2563,2185,895,26,32,-1,-1
229,2531,158,648,612,210,-1,-1
229,2499,2066,887,74,56,-1,-1
229,2562,2203,904,53,38,-1,-1
230,2531,42,638,667,219,-1,-1
230,2499,2069,887,74,55,-1,-1
230,2562,2202,904,54,37,-1,-1
231,2499,2072,888,74,54,-1,-1
231,2562,2202,904,54,37,-1,-1
232,2499,2076,888,73,53,-1,-1
232,2562,2202,904,55,37,-1,-1
233,2499,2079,889,72,52,-1,-1
233,2562,2202,904,55,37,-1,-1
233,2488,2022,863,71,53,-1,-1
234,2499,2083,889,70,51,-1,-1
234,2562,2202,904,55,37,-1,-1
234,2488,2012,863,70,51,-1,-1
235,2499,2087,890,69,50,-1,-1
235,2562,2202,904,55,37,-1,-1
235,2488,2005,862,70,50,-1,-1
236,2499,2091,891,67,49,-1,-1
236,2562,2203,904,55,37,-1,-1
236,2488,1999,862,71,50,-1,-1
237,2499,2095,892,65,48,-1,-1
237,2562,2203,904,54,37,-1,-1
237,2488,1995,861,71,51,-1,-1
238,2499,2099,893,63,47,-1,-1
238,2562,2203,904,54,37,-1,-1
238,2488,1993,860,71,53,-1,-1
239,2499,2103,893,60,46,-1,-1
239,2562,2204,903,53,37,-1,-1
239,2488,1990,858,72,55,-1,-1
240,2499,2106,894,58,45,-1,-1
240,2562,2205,903,52,37,-1,-1
240,2488,1986,856,74,57,-1,-1
241,2499,2110,895,56,44,-1,-1
241,2562,2205,903,52,37,-1,-1
241,2488,1981,855,77,59,-1,-1
242,2499,2114,896,54,43,-1,-1
242,2562,2206,903,51,36,-1,-1
242,2488,1976,852,79,60,-1,-1
243,2499,2117,897,51,42,-1,-1
243,2562,2207,903,51,36,-1,-1
243,2488,1971,850,80,62,-1,-1
244,2499,2121,898,49,41,-1,-1
244,2562,2207,903,50,36,-1,-1
244,2488,1965,848,82,65,-1,-1
245,2499,2124,898,46,40,-1,-1
245,2562,2208,903,50,35,-1,-1
245,2488,1960,846,83,67,-1,-1
246,2499,2128,899,44,38,-1,-1
246,2562,2209,903,50,35,-1,-1
246,2488,1954,844,84,70,-1,-1
247,2499,2132,900,41,37,-1,-1
247,2488,1949,842,85,72,-1,-1
248,2499,2137,901,38,36,-1,-1
248,2488,1943,840,86,74,-1,-1
249,2488,1938,838,87,76,-1,-1
250,2488,1931,837,89,78,-1,-1
251,2488,1923,835,92,80,-1,-1
252,2488,1916,834,94,81,-1,-1
253,2488,1910,833,96,83,-1,-1
254,2488,1903,832,97,85,-1,-1
255,2488,1896,831,99,87,-1,-1
256,2488,1888,830,102,88,-1,-1
257,2488,1878,828,106,90,-1,-1
258,2488,1868,827,110,92,-1,-1
259,2488,1856,825,116,95,-1,-1
260,2488,1844,823,121,99,-1,-1
261,2488,1831,821,126,102,-1,-1
262,2488,1819,818,132,106,-1,-1
263,2488,1806,815,137,110,-1,-1
264,2488,1792,812,142,113,-1,-1
265,2488,1777,808,146,116,-1,-1
266,2488,1762,804,150,119,-1,-1
267,2488,1745,801,154,124,-1,-1
267,2574,1880,853,83,40,-1,-1
268,2488,1727,797,159,129,-1,-1
268,2574,1889,854,85,41,-1,-1
269,2488,1707,793,165,134,-1,-1
269,2574,1899,854,86,42,-1,-1
270,2488,1686,789,172,139,-1,-1
270,2574,1908,855,88,43,-1,-1
271,2488,1664,785,181,144,-1,-1
271,2574,1917,856,89,45,-1,-1
272,2488,1640,781,190,149,-1,-1
272,2574,1927,857,90,46,-1,-1
273,2488,1615,777,200,155,-1,-1
273,2574,1936,858,92,47,-1,-1
274,2488,1587,772,211,161,-1,-1
274,2574,1945,859,93,48,-1,-1
275,2488,1558,767,222,167,-1,-1
275,2574,1955,860,95,49,-1,-1
276,2488,1527,761,233,173,-1,-1
276,2574,1964,860,96,50,-1,-1
277,2488,1493,754,245,180,-1,-1
277,2574,1973,861,98,52,-1,-1
278,2488,1456,747,259,188,-1,-1
278,2574,1983,862,99,53,-1,-1
279,2488,1415,738,275,198,-1,-1
279,2574,1992,863,100,54,-1,-1
280,2488,1370,729,293,209,-1,-1
280,2574,2001,864,102,55,-1,-1
281,2488,1319,718,315,222,-1,-1
282,2488,1263,706,340,235,-1,-1
283,2488,1201,692,368,248,-1,-1
284,2488,1132,677,399,261,-1,-1
284,2566,2084,892,42,39,-1,-1
285,2488,1055,660,432,278,-1,-1
285,2566,2088,893,43,39,-1,-1
286,2488,971,641,468,298,-1,-1
286,2566,2091,893,44,39,-1,-1
287,2488,879,622,505,322,-1,-1
287,2566,2095,894,44,39,-1,-1
288,2488,775,600,547,346,-1,-1
288,2566,2098,894,45,38,-1,-1
289,2488,650,578,604,364,-1,-1
289,2566,2102,895,45,38,-1,-1
290,2488,493,554,685,370,-1,-1
290,2566,2105,895,46,38,-1,-1
291,2488,300,530,799,366,-1,-1
291,2566,2109,895,46,38,-1,-1
292,2488,73,505,942,358,-1,-1
292,2566,2112,896,47,37,-1,-1
293,2566,2116,896,47,37,-1,-1
293,2568,328,704,1031,513,-1,-1
294,2566,2119,897,48,37,-1,-1
294,2567,1614,942,432,374,-1,-1
294,2568,548,722,889,476,-1,-1
295,2566,2122,897,49,37,-1,-1
295,2567,1687,941,377,334,-1,-1
295,2568,739,739,769,439,-1,-1
296,2567,1752,940,330,297,-1,-1
296,2568,898,755,674,403,-1,-1
297,2567,1808,939,292,264,-1,-1
297,2568,1028,769,598,370,-1,-1
298,2567,1855,937,263,235,-1,-1
298,2568,1136,781,537,340,-1,-1
299,2567,1892,936,242,212,-1,-1
299,2568,1227,791,486,313,-1,-1
300,2567,1923,935,225,194,-1,-1
300,2568,1305,800,441,288,-1,-1
301,2567,1948,934,212,179,-1,-1
301,2568,1374,807,403,267,-1,-1
302,2567,1971,933,200,166,-1,-1
302,2568,1434,814,371,248,-1,-1
303,2567,1991,932,187,156,-1,-1
303,2568,1487,819,343,231,-1,-1
304,2567,2010,931,174,147,-1,-1
304,2568,1535,824,318,216,-1,-1
305,2567,2027,930,162,139,-1,-1
305,2568,1578,829,296,203,-1,-1
306,2567,2042,928,150,131,-1,-1
306,2568,1616,833,277,192,-1,-1
307,2567,2055,927,140,124,-1,-1
307,2568,1649,837,262,182,-1,-1
308,2567,2066,926,132,117,-1,-1
308,2568,1678,840,248,173,-1,-1
309,2567,2075,925,125,110,-1,-1
309,2568,1703,844,236,165,-1,-1
310,2567,2083,924,120,104,-1,-1
310,2568,1727,847,224,158,-1,-1
311,2567,2090,923,115,99,-1,-1
311,2568,1750,849,212,152,-1,-1
312,2567,2096,922,111,94,-1,-1
312,2568,1772,852,200,145,-1,-1
313,2567,2103,921,107,90,-1,-1
313,2568,1794,854,189,139,-1,-1
314,2567,2111,919,102,86,-1,-1
314,2568,1813,856,180,134,-1,-1
315,2567,2119,918,97,83,-1,-1
315,2568,1830,858,173,129,-1,-1
316,2567,2126,917,94,80,-1,-1
316,2568,1845,858,167,125,-1,-1
317,2567,2131,916,91,78,-1,-1
317,2568,1859,858,161,121,-1,-1
318,2567,2134,915,90,76,-1,-1
318,2568,1872,858,155,118,-1,-1
318,2569,1602,942,463,362,-1,-1
319,2567,2136,914,90,75,-1,-1
319,2568,1885,858,149,114,-1,-1
319,2569,1665,942,412,328,-1,-1
320,2567,2137,913,89,74,-1,-1
320,2568,1896,858,142,111,-1,-1
320,2569,1722,943,367,296,-1,-1
321,2567,2138,912,88,72,-1,-1
321,2568,1907,858,136,107,-1,-1
321,2569,1774,944,327,267,-1,-1
322,2567,2140,910,85,70,-1,-1
322,2568,1916,859,130,103,-1,-1
322,2569,1820,944,292,240,-1,-1
323,2567,2142,909,82,68,-1,-1
323,2568,1925,860,125,99,-1,-1
323,2569,1860,944,263,218,-1,-1
324,2567,2144,908,77,65,-1,-1
324,2568,1933,861,121,96,-1,-1
324,2569,1894,943,240,198,-1,-1
325,2567,2147,907,72,63,-1,-1
325,2568,1942,863,118,92,-1,-1
325,2569,1923,943,221,182,-1,-1
326,2567,2150,906,67,60,-1,-1
326,2568,1950,864,116,89,-1,-1
326,2569,1947,942,205,168,-1,-1
327,2567,2152,905,63,57,-1,-1
327,2568,1958,866,114,86,-1,-1
327,2569,1967,940,194,158,-1,-1
328,2567,2154,904,59,54,-1,-1
328,2568,1965,867,114,84,-1,-1
328,2569,1985,938,184,149,-1,-1
329,2568,1972,868,113,83,-1,-1
329,2569,2000,936,176,142,-1,-1
330,2568,1979,869,111,82,-1,-1
330,2569,2014,933,169,136,-1,-1
331,2568,1986,870,108,81,-1,-1
331,2569,2027,930,163,132,-1,-1
332,2568,1993,870,105,80,-1,-1
332,2569,2039,927,157,128,-1,-1
333,2568,1999,871,101,79,-1,-1
333,2569,2050,924,151,125,-1,-1
334,2568,2004,872,98,79,-1,-1
334,2569,2060,921,146,122,-1,-1
335,2568,2008,872,96,78,-1,-1
335,2569,2070,919,140,120,-1,-1
336,2568,2011,873,96,77,-1,-1
336,2569,2080,916,135,117,-1,-1
337,2568,2015,874,96,76,-1,-1
337,2569,2088,914,130,115,-1,-1
338,2568,2019,875,97,75,-1,-1
338,2569,2096,912,126,112,-1,-1
339,2568,2025,877,96,73,-1,-1
339,2569,2103,910,122,110,-1,-1
340,2569,2110,909,118,108,-1,-1
341,2569,2115,908,114,105,-1,-1
341,2570,2045,880,88,62,-1,-1
342,2569,2120,907,112,103,-1,-1
342,2570,2047,880,87,62,-1,-1
343,2569,2125,906,109,101,-1,-1
343,2570,2050,880,85,61,-1,-1
344,2569,2128,906,107,99,-1,-1
344,2570,2052,881,84,61,-1,-1
345,2569,2132,905,105,96,-1,-1
345,2570,2055,881,83,60,-1,-1
346,2569,2135,905,103,94,-1,-1
346,2570,2057,881,82,60,-1,-1
347,2569,2138,905,101,92,-1,-1
347,2570,2060,881,81,59,-1,-1
348,2569,2141,905,99,90,-1,-1
348,2570,2063,882,80,59,-1,-1
349,2569,2144,905,98,88,-1,-1
349,2570,2065,882,79,59,-1,-1
350,2569,2147,905,96,86,-1,-1
350,2570,2068,882,77,58,-1,-1
351,2569,2150,905,95,84,-1,-1
351,2570,2070,883,76,58,-1,-1
352,2569,2153,905,94,82,-1,-1
352,2570,2073,883,75,57,-1,-1
353,2569,2156,905,92,80,-1,-1
353,2570,2075,883,74,57,-1,-1
354,2569,2159,905,91,78,-1,-1
354,2570,2078,883,74,56,-1,-1
355,2569,2162,905,90,76,-1,-1
355,2570,2081,884,73,56,-1,-1
356,2569,2164,905,89,74,-1,-1
356,2570,2083,884,72,56,-1,-1
357,2569,2167,905,89,72,-1,-1
357,2570,2086,884,71,55,-1,-1
358,2569,2170,905,88,71,-1,-1
358,2570,2088,884,70,55,-1,-1
359,2569,2172,905,88,69,-1,-1
359,2570,2091,885,69,54,-1,-1
360,2569,2174,905,88,68,-1,-1
360,2570,2093,885,69,54,-1,-1
361,2569,2176,905,87,67,-1,-1
361,2570,2096,885,68,53,-1,-1
362,2569,2178,905,87,66,-1,-1
362,2570,2098,885,67,53,-1,-1
363,2569,2180,906,86,66,-1,-1
363,2570,2100,886,67,52,-1,-1
364,2569,2183,906,85,65,-1,-1
364,2570,2103,886,66,52,-1,-1
365,2569,2185,906,84,64,-1,-1
365,2570,2105,886,65,52,-1,-1
365,2181,2053,876,44,31,-1,-1
366,2569,2188,906,82,64,-1,-1
366,2570,2107,886,65,51,-1,-1
366,2181,2051,876,45,32,-1,-1
367,2569,2190,906,80,63,-1,-1
367,2570,2110,887,64,51,-1,-1
367,2181,2049,875,45,32,-1,-1
368,2569,2192,905,78,62,-1,-1
368,2570,2112,887,64,50,-1,-1
368,2181,2047,875,46,32,-1,-1
369,2569,2194,905,77,61,-1,-1
369,2570,2114,887,63,50,-1,-1
369,2181,2044,874,46,32,-1,-1
370,2569,2195,905,76,60,-1,-1
370,2570,2116,887,63,49,-1,-1
370,2181,2042,874,46,32,-1,-1
371,2569,2196,904,75,58,-1,-1
371,2570,2118,888,62,49,-1,-1
371,2181,2040,874,46,32,-1,-1
372,2569,2196,904,74,57,-1,-1
372,2570,2120,888,62,49,-1,-1
372,2181,2038,874,46,32,-1,-1
373,2569,2195,903,74,55,-1,-1
373,2570,2122,888,61,48,-1,-1
373,2181,2035,874,45,31,-1,-1
374,2569,2194,903,74,53,-1,-1
374,2570,2125,889,61,48,-1,-1
374,2181,2033,873,45,31,-1,-1
375,2569,2193,902,73,51,-1,-1
375,2570,2127,889,61,47,-1,-1
375,2181,2030,873,45,32,-1,-1
376,2569,2193,901,73,49,-1,-1
376,2570,2128,889,61,47,-1,-1
376,2181,2027,872,45,32,-1,-1
377,2569,2193,901,72,48,-1,-1
377,2570,2130,889,60,46,-1,-1
377,2181,2023,872,45,32,-1,-1
378,2569,2193,900,70,47,-1,-1
378,2570,2132,890,60,46,-1,-1
378,2181,2020,871,45,32,-1,-1
379,2569,2194,900,68,46,-1,-1
379,2570,2134,890,60,45,-1,-1
379,2181,2016,870,46,33,-1,-1
380,2569,2195,900,66,45,-1,-1
380,2570,2136,890,60,45,-1,-1
380,2181,2012,869,46,34,-1,-1
381,2569,2197,900,64,44,-1,-1
381,2570,2138,890,60,45,-1,-1
381,2181,2007,868,47,35,-1,-1
382,2569,2198,900,61,44,-1,-1
382,2570,2139,891,60,44,-1,-1
382,2181,2003,866,48,36,-1,-1
383,2569,2200,900,59,43,-1,-1
383,2570,2141,891,60,44,-1,-1
383,2181,1998,865,50,37,-1,-1
384,2569,2201,901,57,43,-1,-1
384,2570,2142,891,60,43,-1,-1
384,2181,1993,863,51,39,-1,-1
385,2569,2202,901,56,43,-1,-1
385,2570,2144,891,59,43,-1,-1
385,2181,1988,861,53,40,-1,-1
386,2569,2203,901,54,43,-1,-1
386,2570,2145,892,59,42,-1,-1
386,2181,1983,859,55,42,-1,-1
387,2569,2204,902,53,42,-1,-1
387,2570,2146,892,59,42,-1,-1
387,2181,1978,857,57,43,-1,-1
388,2569,2204,902,52,42,-1,-1
388,2570,2148,892,58,42,-1,-1
388,2181,1973,855,59,45,-1,-1
389,2569,2204,902,52,41,-1,-1
389,2570,2149,892,58,41,-1,-1
389,2181,1968,853,60,47,-1,-1
390,2569,2205,903,51,41,-1,-1
390,2570,2150,893,58,41,-1,-1
390,2181,1963,851,62,49,-1,-1
391,2569,2205,903,51,40,-1,-1
391,2570,2151,893,57,40,-1,-1
391,2181,1958,849,64,50,-1,-1
392,2569,2205,903,50,39,-1,-1
392,2570,2152,893,57,40,-1,-1
392,2181,1953,847,66,52,-1,-1
393,2569,2205,904,50,39,-1,-1
393,2570,2153,893,56,39,-1,-1
393,2181,1948,845,68,53,-1,-1
394,2569,2205,904,50,38,-1,-1
394,2570,2154,894,55,39,-1,-1
394,2181,1944,844,69,55,-1,-1
395,2569,2205,904,49,37,-1,-1
395,2570,2155,894,55,38,-1,-1
395,2181,1939,842,70,56,-1,-1
396,2569,2205,904,49,36,-1,-1
396,2570,2156,894,54,38,-1,-1
396,2181,1935,841,71,57,-1,-1
397,2569,2205,904,49,36,-1,-1
397,2570,2157,895,53,38,-1,-1
397,2181,1930,840,72,58,-1,-1
398,2569,2204,904,48,35,-1,-1
398,2570,2158,895,53,37,-1,-1
398,2181,1925,839,73,59,-1,-1
399,2569,2204,904,48,35,-1,-1
399,2570,2158,895,52,37,-1,-1
399,2181,1920,838,73,59,-1,-1
400,2569,2204,904,48,34,-1,-1
400,2570,2159,895,51,36,-1,-1
400,2181,1915,837,74,60,-1,-1
401,2569,2204,904,47,34,-1,-1
401,2570,2160,896,51,36,-1,-1
401,2181,1910,836,75,60,-1,-1
402,2569,2204,904,46,34,-1,-1
402,2570,2161,896,50,35,-1,-1
402,2181,1904,836,75,60,-1,-1
403,2569,2205,904,45,34,-1,-1
403,2570,2161,896,49,35,-1,-1
403,2181,1899,835,76,61,-1,-1
404,2569,2205,904,45,34,-1,-1
404,2570,2162,896,48,34,-1,-1
404,2181,1892,834,77,61,-1,-1
405,2569,2205,904,44,34,-1,-1
405,2570,2163,897,48,34,-1,-1
405,2181,1886,834,78,61,-1,-1
406,2569,2206,904,43,34,-1,-1
406,2570,2163,897,47,34,-1,-1
406,2181,1879,833,79,61,-1,-1
407,2569,2206,904,42,34,-1,-1
407,2570,2164,897,47,33,-1,-1
407,2181,1872,833,80,62,-1,-1
408,2569,2206,904,42,34,-1,-1
408,2570,2165,897,46,33,-1,-1
408,2181,1864,832,82,62,-1,-1
409,2569,2207,904,41,34,-1,-1
409,2570,2166,898,45,32,-1,-1
409,2181,1856,831,83,62,-1,-1
410,2569,2207,904,41,34,-1,-1
410,2570,2166,898,45,32,-1,-1
410,2181,1848,831,85,63,-1,-1
411,2569,2206,904,41,34,-1,-1
411,2570,2167,898,44,31,-1,-1
411,2181,1839,830,87,63,-1,-1
412,2569,2206,904,41,35,-1,-1
412,2570,2168,898,44,31,-1,-1
412,2181,1830,829,89,64,-1,-1
413,2569,2206,904,41,35,-1,-1
413,2570,2168,899,43,31,-1,-1
413,2181,1821,828,91,64,-1,-1
414,2569,2206,903,41,35,-1,-1
414,2570,2169,899,43,30,-1,-1
414,2181,1812,827,93,65,-1,-1
415,2569,2206,903,41,35,-1,-1
415,2570,2170,899,43,30,-1,-1
415,2181,1802,826,95,66,-1,-1
416,2569,2206,903,41,34,-1,-1
416,2570,2171,900,42,29,-1,-1
416,2181,1793,825,97,66,-1,-1
417,2569,2207,903,41,34,-1,-1
417,2570,2172,900,42,29,-1,-1
417,2181,1783,824,100,67,-1,-1
417,2572,2102,888,36,24,-1,-1
418,2569,2207,902,41,34,-1,-1
418,2570,2172,900,41,28,-1,-1
418,2181,1773,823,102,68,-1,-1
418,2572,2100,888,36,25,-1,-1
419,2569,2208,902,40,33,-1,-1
419,2570,2173,900,41,28,-1,-1
419,2181,1763,821,104,69,-1,-1
419,2572,2099,888,37,25,-1,-1
420,2570,2174,901,41,27,-1,-1
420,2181,1753,820,107,71,-1,-1
420,2572,2098,887,38,25,-1,-1
421,2570,2175,901,40,27,-1,-1
421,2181,1742,818,109,72,-1,-1
421,2572,2096,887,39,26,-1,-1
422,2570,2176,901,40,27,-1,-1
422,2181,1732,816,112,73,-1,-1
422,2572,2095,887,39,26,-1,-1
423,2181,1722,815,114,75,-1,-1
423,2572,2094,887,40,26,-1,-1
424,2181,1711,813,117,76,-1,-1
424,2572,2092,887,41,26,-1,-1
425,2181,1700,811,119,78,-1,-1
425,2572,2091,887,42,27,-1,-1
426,2181,1689,809,122,79,-1,-1
426,2572,2090,886,43,27,-1,-1
427,2181,1678,807,124,81,-1,-1
427,2572,2088,886,43,27,-1,-1
428,2181,1666,805,127,82,-1,-1
428,2572,2087,886,44,27,-1,-1
429,2181,1654,804,129,84,-1,-1
429,2572,2086,886,45,28,-1,-1
429,2573,2005,868,56,33,-1,-1
430,2181,1642,802,132,85,-1,-1
430,2572,2084,886,46,28,-1,-1
430,2573,1999,867,56,34,-1,-1
431,2181,1629,800,135,87,-1,-1
431,2572,2083,886,47,28,-1,-1
431,2573,1994,866,57,35,-1,-1
432,2181,1616,799,138,88,-1,-1
432,2572,2082,885,47,28,-1,-1
432,2573,1989,865,57,35,-1,-1
433,2181,1602,797,142,89,-1,-1
433,2572,2080,885,48,29,-1,-1
433,2573,1983,864,58,36,-1,-1
434,2181,1587,795,146,91,-1,-1
434,2572,2079,885,49,29,-1,-1
434,2573,1978,863,59,37,-1,-1
435,2181,1572,793,150,92,-1,-1
435,2572,2078,885,50,29,-1,-1
435,2573,1973,862,59,37,-1,-1
436,2181,1556,791,154,94,-1,-1
436,2572,2076,885,51,29,-1,-1
436,2573,1967,861,60,38,-1,-1
437,2181,1539,789,159,96,-1,-1
437,2572,2075,885,51,30,-1,-1
437,2573,1962,860,60,39,-1,-1
438,2181,1521,787,164,98,-1,-1
438,2572,2074,884,52,30,-1,-1
438,2573,1957,858,61,40,-1,-1
439,2181,1503,784,170,100,-1,-1
439,2572,2072,884,53,30,-1,-1
439,2573,1951,857,61,40,-1,-1
440,2181,1483,782,177,102,-1,-1
440,2572,2071,884,54,31,-1,-1
440,2573,1946,856,62,41,-1,-1
441,2181,1462,779,183,105,-1,-1
441,2572,2070,884,54,31,-1,-1
441,2573,1941,855,62,42,-1,-1
442,2181,1440,776,190,108,-1,-1
442,2572,2068,884,55,31,-1,-1
442,2573,1935,854,63,42,-1,-1
443,2181,1418,773,198,111,-1,-1
443,2572,2067,884,56,31,-1,-1
443,2573,1930,853,63,43,-1,-1
444,2181,1394,769,206,114,-1,-1
444,2572,2066,883,57,32,-1,-1
444,2573,1924,852,64,44,-1,-1
445,2181,1369,765,214,117,-1,-1
445,2573,1919,851,64,45,-1,-1
446,2181,1343,761,223,121,-1,-1
446,2573,1914,850,65,45,-1,-1
447,2181,1316,757,232,125,-1,-1
447,2573,1908,849,65,46,-1,-1
448,2181,1288,753,241,128,-1,-1
448,2573,1903,847,66,47,-1,-1
449,2181,1259,749,251,132,-1,-1
449,2573,1898,846,67,47,-1,-1
450,2181,1229,745,261,136,-1,-1
450,2573,1892,845,67,48,-1,-1
451,2181,1199,741,271,140,-1,-1
451,2573,1887,844,68,49,-1,-1
452,2181,1167,736,281,144,-1,-1
452,2573,1882,843,68,49,-1,-1
453,2181,1135,732,291,148,-1,-1
453,2573,1876,842,69,50,-1,-1
454,2181,1103,728,301,152,-1,-1
454,2573,1871,841,69,51,-1,-1
455,2181,1070,724,312,155,-1,-1
455,2573,1866,840,70,52,-1,-1
456,2181,1036,720,322,159,-1,-1
456,2573,1860,839,70,52,-1,-1
457,2181,1002,717,333,162,-1,-1
457,2573,1855,838,71,53,-1,-1
