1,2575,35,361,68,49,-1,-1
1,2576,1724,512,828,471,-1,-1
1,2578,130,376,26,23,-1,-1
1,2580,135,439,177,126,-1,-1
2,2575,35,361,67,48,-1,-1
2,2576,1723,512,828,472,-1,-1
2,2578,130,376,26,23,-1,-1
2,2580,131,436,172,123,-1,-1
3,2575,34,362,67,47,-1,-1
3,2576,1723,512,829,472,-1,-1
3,2578,130,376,26,23,-1,-1
3,2580,127,434,168,120,-1,-1
4,2575,34,362,66,46,-1,-1
4,2576,1723,512,829,472,-1,-1
4,2578,130,376,26,23,-1,-1
4,2580,122,432,164,117,-1,-1
5,2575,34,362,65,45,-1,-1
5,2576,1723,513,830,472,-1,-1
5,2578,130,376,27,23,-1,-1
5,2580,118,430,160,114,-1,-1
6,2575,33,363,65,45,-1,-1
6,2576,1722,513,829,472,-1,-1
6,2578,130,376,27,23,-1,-1
6,2580,113,427,156,111,-1,-1
7,2575,33,363,64,44,-1,-1
7,2576,1722,513,829,472,-1,-1
7,2578,130,376,27,23,-1,-1
7,2580,109,425,152,108,-1,-1
8,2575,32,363,63,43,-1,-1
8,2576,1722,513,829,472,-1,-1
8,2578,130,376,27,23,-1,-1
8,2580,104,423,149,106,-1,-1
9,2575,32,364,63,42,-1,-1
9,2576,1722,513,829,471,-1,-1
9,2578,130,376,27,23,-1,-1
9,2580,100,421,145,103,-1,-1
10,2575,32,364,62,41,-1,-1
10,2576,1722,513,830,470,-1,-1
10,2578,130,376,27,23,-1,-1
10,2580,96,418,142,101,-1,-1
11,2575,31,364,61,40,-1,-1
11,2576,1722,513,830,469,-1,-1
11,2578,130,376,27,23,-1,-1
11,2580,91,416,139,98,-1,-1
12,2575,31,365,61,39,-1,-1
12,2576,1722,513,830,469,-1,-1
12,2578,130,376,27,23,-1,-1
12,2580,87,414,135,96,-1,-1
13,2575,30,365,60,38,-1,-1
13,2576,1722,513,830,469,-1,-1
13,2578,130,376,27,23,-1,-1
13,2580,83,412,132,93,-1,-1
14,2575,30,365,59,38,-1,-1
14,2576,1722,513,830,469,-1,-1
14,2578,130,376,27,23,-1,-1
14,2580,79,409,129,91,-1,-1
15,2575,30,366,59,37,-1,-1
15,2576,1721,514,831,469,-1,-1
15,2578,129,376,27,23,-1,-1
15,2580,76,407,126,89,-1,-1
16,2575,29,366,58,36,-1,-1
16,2576,1721,514,831,469,-1,-1
16,2578,129,376,27,23,-1,-1
16,2580,72,405,123,87,-1,-1
17,2575,29,366,57,35,-1,-1
17,2576,1721,514,831,469,-1,-1
17,2578,129,376,27,23,-1,-1
17,2580,68,403,120,85,-1,-1
18,2575,29,367,57,34,-1,-1
18,2576,1721,514,831,468,-1,-1
18,2578,129,376,27,23,-1,-1
18,2580,65,401,117,83,-1,-1
19,2575,28,367,56,33,-1,-1
19,2576,1722,514,831,468,-1,-1
19,2578,129,376,27,23,-1,-1
19,2580,62,399,114,81,-1,-1
20,2575,28,367,55,32,-1,-1
20,2576,1722,514,830,469,-1,-1
20,2578,129,376,28,23,-1,-1
20,2580,59,397,111,79,-1,-1
21,2575,27,368,55,31,-1,-1
21,2576,1723,514,830,469,-1,-1
21,2578,129,376,28,23,-1,-1
21,2580,56,395,108,77,-1,-1
22,2575,27,368,54,31,-1,-1
22,2576,1724,514,829,470,-1,-1
22,2549,-290,616,1219,628,-1,-1
22,2578,129,376,28,23,-1,-1
22,2580,53,393,106,76,-1,-1
23,2575,27,368,53,30,-1,-1
23,2576,1725,514,828,470,-1,-1
23,2549,-90,638,1249,652,-1,-1
23,2578,129,376,28,23,-1,-1
23,2580,51,391,103,74,-1,-1
24,2576,1726,514,826,473,-1,-1
24,2549,110,660,1311,676,-1,-1
24,2578,129,376,28,23,-1,-1
24,2580,48,389,100,72,-1,-1
25,2576,1728,514,822,474,-1,-1
25,2549,310,682,1387,700,-1,-1
25,2578,129,376,28,23,-1,-1
25,2580,46,387,98,71,-1,-1
26,2576,1729,515,818,470,-1,-1
26,2549,510,704,1470,723,-1,-1
26,2578,129,376,28,23,-1,-1
26,2580,43,385,96,69,-1,-1
27,2576,1730,515,815,456,-1,-1
27,2549,709,727,1665,747,-1,-1
27,2578,129,376,28,23,-1,-1
27,2580,41,384,94,68,-1,-1
28,2576,1730,515,814,436,-1,-1
28,2549,909,749,1630,771,-1,-1
28,2578,129,376,28,23,-1,-1
28,2580,38,382,92,67,-1,-1
29,2576,1730,515,813,418,-1,-1
29,2549,1109,771,1443,795,-1,-1
29,2578,128,376,28,23,-1,-1
29,2580,36,381,90,65,-1,-1
30,2576,1729,515,813,411,-1,-1
30,2549,1309,793,1219,819,-1,-1
30,2578,128,376,28,23,-1,-1
30,2579,102,374,27,27,-1,-1
30,2580,34,379,89,64,-1,-1
31,2576,1727,515,816,423,-1,-1
31,2549,1509,816,1041,843,-1,-1
31,2578,128,376,28,23,-1,-1
31,2579,102,374,27,27,-1,-1
31,2580,32,378,87,63,-1,-1
32,2576,1726,515,821,447,-1,-1
32,2549,1709,838,849,867,-1,-1
32,2578,128,376,28,23,-1,-1
32,2579,102,374,27,27,-1,-1
32,2580,30,376,86,61,-1,-1
33,2576,1725,515,826,465,-1,-1
33,2578,128,376,28,23,-1,-1
33,2579,102,374,27,27,-1,-1
33,2580,28,375,85,60,-1,-1
34,2576,1724,515,829,471,-1,-1
34,2578,128,376,28,23,-1,-1
34,2579,102,374,27,27,-1,-1
34,2580,26,374,83,59,-1,-1
35,2576,1723,515,831,471,-1,-1
35,2578,128,376,28,23,-1,-1
35,2579,102,374,27,27,-1,-1
35,2580,25,373,82,58,-1,-1
36,2576,1722,516,831,470,-1,-1
36,2578,128,376,29,23,-1,-1
36,2579,102,374,27,27,-1,-1
36,2580,23,372,81,57,-1,-1
37,2576,1722,516,831,470,-1,-1
37,2578,128,377,29,23,-1,-1
37,2579,101,374,27,26,-1,-1
37,2580,22,371,80,55,-1,-1
38,2576,1722,516,832,470,-1,-1
38,2578,128,377,29,23,-1,-1
38,2579,101,374,27,26,-1,-1
38,2580,22,370,78,54,-1,-1
39,2576,1721,516,832,470,-1,-1
39,2578,128,377,29,23,-1,-1
39,2579,101,374,27,26,-1,-1
39,2580,21,369,77,53,-1,-1
40,2576,1720,516,831,469,-1,-1
40,2578,128,377,29,23,-1,-1
40,2579,101,374,27,26,-1,-1
40,2580,21,369,75,52,-1,-1
41,2576,1718,516,829,467,-1,-1
41,2578,128,377,29,23,-1,-1
41,2579,101,375,28,26,-1,-1
41,2580,21,368,73,51,-1,-1
42,2576,1716,516,829,466,-1,-1
42,2578,128,377,29,23,-1,-1
42,2579,101,375,28,26,-1,-1
42,2580,22,368,72,50,-1,-1
43,2576,1712,516,832,467,-1,-1
43,2578,128,377,29,23,-1,-1
43,2579,100,375,28,26,-1,-1
43,2580,22,367,70,49,-1,-1
44,2576,1707,516,838,469,-1,-1
44,2578,127,377,29,23,-1,-1
44,2579,100,375,28,26,-1,-1
44,2580,23,367,68,48,-1,-1
45,2576,1700,516,847,469,-1,-1
45,2578,127,377,29,23,-1,-1
45,2579,100,375,29,26,-1,-1
45,2580,24,366,66,47,-1,-1
46,2576,1691,516,859,470,-1,-1
46,2578,127,377,29,23,-1,-1
46,2579,100,375,29,26,-1,-1
46,2580,25,366,65,46,-1,-1
47,2576,1677,517,872,472,-1,-1
47,2578,127,377,29,23,-1,-1
47,2579,99,375,29,26,-1,-1
47,2580,26,365,63,45,-1,-1
48,2576,1660,517,887,475,-1,-1
48,2578,127,377,29,23,-1,-1
48,2579,99,375,29,26,-1,-1
48,2580,27,365,61,45,-1,-1
49,2576,1638,517,907,477,-1,-1
49,2578,127,377,29,23,-1,-1
49,2579,99,375,30,26,-1,-1
49,2580,28,365,60,44,-1,-1
50,2576,1610,517,935,478,-1,-1
50,2578,127,377,29,23,-1,-1
50,2579,99,375,30,26,-1,-1
50,2580,29,365,59,43,-1,-1
51,2576,1577,517,969,477,-1,-1
51,2578,127,377,30,23,-1,-1
51,2579,98,375,30,26,-1,-1
51,2580,30,365,58,42,-1,-1
52,2576,1538,517,1005,474,-1,-1
52,2578,127,377,30,23,-1,-1
52,2579,98,375,30,26,-1,-1
52,2580,31,365,57,42,-1,-1
53,2576,1493,517,1043,474,-1,-1
53,2578,127,377,30,23,-1,-1
53,2579,98,375,31,26,-1,-1
53,2580,31,365,57,41,-1,-1
54,2576,1442,517,1090,478,-1,-1
54,2578,127,377,30,23,-1,-1
54,2579,98,375,31,26,-1,-1
54,2580,32,365,56,40,-1,-1
55,2576,1385,517,1151,482,-1,-1
55,2578,127,377,30,23,-1,-1
55,2579,97,376,31,26,-1,-1
55,2580,32,365,56,40,-1,-1
56,2576,1322,517,1224,480,-1,-1
56,2578,127,377,30,23,-1,-1
56,2579,97,376,31,26,-1,-1
56,2580,32,365,56,39,-1,-1
57,2576,1254,518,1300,470,-1,-1
57,2578,127,377,30,23,-1,-1
57,2579,97,376,32,26,-1,-1
57,2580,33,365,56,39,-1,-1
58,2576,1179,518,1359,463,-1,-1
58,2578,127,377,30,23,-1,-1
58,2579,97,376,32,26,-1,-1
58,2580,33,365,56,38,-1,-1
59,2576,1099,518,1388,461,-1,-1
59,2578,126,377,30,23,-1,-1
59,2579,97,376,32,26,-1,-1
59,2580,33,365,57,38,-1,-1
60,2576,1013,518,1391,465,-1,-1
60,2578,126,377,30,23,-1,-1
60,2579,97,376,32,26,-1,-1
60,2580,33,365,57,37,-1,-1
61,2576,922,518,1388,469,-1,-1
61,2578,126,377,30,23,-1,-1
61,2579,96,376,32,26,-1,-1
61,2580,32,365,57,37,-1,-1
62,2576,825,518,1388,472,-1,-1
62,2578,126,377,30,23,-1,-1
62,2579,96,376,32,25,-1,-1
62,2580,32,366,58,36,-1,-1
63,2576,724,518,1383,473,-1,-1
63,2578,126,377,30,23,-1,-1
63,2579,96,376,32,25,-1,-1
63,2580,32,366,58,36,-1,-1
64,2576,618,518,1376,474,-1,-1
64,2578,126,377,30,23,-1,-1
64,2579,96,376,33,25,-1,-1
64,2580,33,366,58,35,-1,-1
65,2576,508,518,1371,476,-1,-1
65,2578,126,377,30,23,-1,-1
65,2579,96,376,33,25,-1,-1
65,2580,33,366,58,35,-1,-1
66,2576,395,518,1364,478,-1,-1
66,2578,126,377,31,23,-1,-1
66,2579,96,376,33,25,-1,-1
66,2580,33,367,58,35,-1,-1
67,2576,279,518,1356,480,-1,-1
67,2578,126,377,31,23,-1,-1
67,2579,96,376,33,25,-1,-1
67,2580,34,367,57,34,-1,-1
68,2576,160,519,1342,482,-1,-1
68,2578,126,377,31,23,-1,-1
68,2579,96,377,33,25,-1,-1
68,2580,35,367,57,34,-1,-1
69,2576,39,519,1318,482,-1,-1
69,2578,126,377,31,23,-1,-1
69,2579,96,377,33,25,-1,-1
69,2580,35,368,56,33,-1,-1
70,2578,126,377,31,23,-1,-1
70,2579,96,377,33,25,-1,-1
70,2580,36,368,55,33,-1,-1
71,2578,126,377,31,23,-1,-1
71,2579,96,377,33,25,-1,-1
71,2580,38,368,54,33,-1,-1
72,2578,126,377,31,23,-1,-1
72,2579,96,377,33,25,-1,-1
72,2580,39,369,52,32,-1,-1
73,2578,126,378,31,23,-1,-1
73,2579,96,377,33,25,-1,-1
73,2580,40,369,51,32,-1,-1
74,2578,125,378,31,23,-1,-1
74,2579,96,377,33,25,-1,-1
74,2580,42,369,49,32,-1,-1
75,2578,125,378,31,23,-1,-1
75,2579,96,377,33,25,-1,-1
75,2580,43,370,48,31,-1,-1
76,2578,125,378,31,23,-1,-1
76,2579,96,377,33,25,-1,-1
76,2580,44,370,46,31,-1,-1
77,2578,125,378,31,23,-1,-1
77,2579,96,377,33,25,-1,-1
77,2580,46,371,45,30,-1,-1
78,2578,125,378,31,23,-1,-1
78,2579,96,377,33,25,-1,-1
78,2580,47,371,43,30,-1,-1
79,2578,125,378,31,23,-1,-1
79,2579,96,377,33,25,-1,-1
79,2580,48,371,42,30,-1,-1
80,2578,125,378,31,23,-1,-1
80,2579,96,377,32,25,-1,-1
80,2580,50,372,40,29,-1,-1
81,2578,125,378,32,23,-1,-1
81,2579,96,377,32,25,-1,-1
81,2580,51,372,39,29,-1,-1
82,2578,125,378,32,23,-1,-1
82,2579,96,378,32,25,-1,-1
82,2580,52,372,38,29,-1,-1
83,2578,125,378,32,23,-1,-1
83,2579,97,378,32,25,-1,-1
83,2580,53,372,37,29,-1,-1
84,2578,125,378,32,23,-1,-1
84,2579,97,378,32,25,-1,-1
84,2580,53,373,36,28,-1,-1
85,2578,125,378,32,23,-1,-1
85,2579,97,378,32,25,-1,-1
85,2580,54,373,36,28,-1,-1
86,2578,125,378,32,23,-1,-1
86,2579,97,378,32,24,-1,-1
86,2580,55,373,35,28,-1,-1
87,2578,125,378,32,23,-1,-1
87,2579,97,378,32,24,-1,-1
87,2580,55,373,34,28,-1,-1
88,2578,125,378,32,23,-1,-1
88,2579,97,378,32,24,-1,-1
88,2580,55,373,34,28,-1,-1
89,2578,124,378,32,23,-1,-1
89,2579,97,378,32,24,-1,-1
89,2580,55,373,34,27,-1,-1
90,2578,124,378,32,23,-1,-1
90,2579,97,378,32,24,-1,-1
90,2580,56,373,34,27,-1,-1
91,2578,124,378,32,23,-1,-1
91,2579,97,378,32,24,-1,-1
91,2580,56,373,34,27,-1,-1
92,2578,124,378,32,23,-1,-1
92,2579,97,378,31,24,-1,-1
92,2580,56,374,34,27,-1,-1
93,2578,124,378,32,23,-1,-1
93,2579,98,378,31,24,-1,-1
93,2580,56,374,34,27,-1,-1
94,2578,124,378,32,23,-1,-1
94,2579,98,378,31,24,-1,-1
94,2580,56,374,34,27,-1,-1
95,2578,124,378,32,23,-1,-1
95,2579,98,379,31,24,-1,-1
95,2580,56,374,34,27,-1,-1
96,2578,124,378,32,23,-1,-1
96,2579,98,379,31,24,-1,-1
96,2580,56,374,34,27,-1,-1
97,2578,124,378,33,23,-1,-1
97,2579,98,379,31,24,-1,-1
97,2580,56,374,34,27,-1,-1
98,2578,124,378,33,23,-1,-1
98,2579,98,379,31,24,-1,-1
98,2580,56,374,34,27,-1,-1
99,2578,124,378,33,23,-1,-1
99,2579,98,379,31,24,-1,-1
99,2580,56,374,34,27,-1,-1
99,2479,1588,520,904,318,-1,-1
100,2578,124,378,33,23,-1,-1
100,2579,98,379,31,24,-1,-1
100,2580,56,374,34,27,-1,-1
100,2479,1480,520,902,316,-1,-1
101,2578,124,378,33,23,-1,-1
101,2579,98,379,31,24,-1,-1
101,2580,56,374,34,26,-1,-1
101,2479,1376,519,898,315,-1,-1
102,2578,124,378,33,23,-1,-1
102,2579,98,379,31,24,-1,-1
102,2580,56,374,34,26,-1,-1
102,2479,1276,519,892,314,-1,-1
103,2578,124,378,33,23,-1,-1
103,2579,98,379,31,24,-1,-1
103,2580,56,374,34,26,-1,-1
103,2479,1180,519,883,312,-1,-1
104,2578,123,378,33,23,-1,-1
104,2579,98,379,31,24,-1,-1
104,2580,56,374,34,26,-1,-1
104,2479,1087,519,873,311,-1,-1
105,2578,123,378,33,23,-1,-1
105,2579,99,379,30,24,-1,-1
105,2580,56,374,34,26,-1,-1
105,2479,999,518,860,309,-1,-1
106,2578,123,378,33,23,-1,-1
106,2579,99,379,30,24,-1,-1
106,2580,56,374,34,26,-1,-1
106,2479,916,518,845,307,-1,-1
107,2578,123,378,33,23,-1,-1
107,2579,99,379,30,24,-1,-1
107,2580,56,374,34,26,-1,-1
107,2479,836,517,829,305,-1,-1
108,2578,123,378,33,23,-1,-1
108,2579,99,379,30,24,-1,-1
108,2580,56,374,34,26,-1,-1
108,2479,761,516,811,303,-1,-1
109,2578,123,378,33,23,-1,-1
109,2579,99,380,30,24,-1,-1
109,2580,56,374,34,26,-1,-1
109,2479,690,515,792,300,-1,-1
110,2578,123,378,33,23,-1,-1
110,2579,99,380,30,23,-1,-1
110,2580,56,374,34,26,-1,-1
110,2479,624,514,772,298,-1,-1
111,2578,123,379,33,23,-1,-1
111,2579,99,380,30,23,-1,-1
111,2580,56,374,34,26,-1,-1
111,2479,563,513,750,295,-1,-1
112,2578,123,379,34,23,-1,-1
112,2579,99,380,30,23,-1,-1
112,2580,56,374,34,26,-1,-1
112,2479,507,511,727,291,-1,-1
113,2578,123,379,34,23,-1,-1
113,2579,99,380,30,23,-1,-1
113,2580,56,374,34,26,-1,-1
113,2479,455,510,702,288,-1,-1
114,2578,123,379,34,23,-1,-1
114,2579,99,380,30,23,-1,-1
114,2580,56,374,34,26,-1,-1
114,2479,409,508,676,284,-1,-1
115,2578,123,379,34,23,-1,-1
115,2579,99,380,30,23,-1,-1
115,2580,56,374,34,26,-1,-1
115,2479,368,505,649,280,-1,-1
116,2578,123,379,34,23,-1,-1
116,2579,99,380,30,23,-1,-1
116,2580,56,374,33,26,-1,-1
116,2479,332,503,620,275,-1,-1
117,2578,123,379,34,23,-1,-1
117,2579,99,380,30,23,-1,-1
117,2580,56,374,33,26,-1,-1
117,2479,300,500,591,270,-1,-1
118,2578,122,379,34,23,-1,-1
118,2579,100,380,30,23,-1,-1
118,2580,56,374,33,26,-1,-1
118,2479,273,497,561,266,-1,-1
119,2578,122,379,34,23,-1,-1
119,2579,100,380,30,23,-1,-1
119,2580,57,374,33,26,-1,-1
119,2479,250,493,532,261,-1,-1
120,2578,122,379,34,23,-1,-1
120,2579,100,380,30,23,-1,-1
120,2580,57,374,32,26,-1,-1
120,2479,229,490,502,255,-1,-1
121,2578,122,379,34,23,-1,-1
121,2579,100,380,29,23,-1,-1
121,2580,57,374,32,26,-1,-1
121,2479,212,486,473,250,-1,-1
122,2578,122,379,34,23,-1,-1
122,2579,100,381,29,23,-1,-1
122,2580,57,374,32,26,-1,-1
122,2479,197,482,446,244,-1,-1
123,2578,122,379,34,23,-1,-1
123,2579,100,381,29,23,-1,-1
123,2580,58,374,32,26,-1,-1
123,2479,183,478,420,238,-1,-1
124,2578,122,379,34,24,-1,-1
124,2579,100,381,29,23,-1,-1
124,2580,58,374,31,26,-1,-1
124,2479,171,474,396,232,-1,-1
125,2578,122,379,34,24,-1,-1
125,2579,100,381,29,23,-1,-1
125,2580,58,374,31,26,-1,-1
125,2479,161,470,374,226,-1,-1
126,2578,122,379,34,24,-1,-1
126,2579,100,381,29,23,-1,-1
126,2580,58,374,31,26,-1,-1
126,2479,151,466,353,220,-1,-1
127,2578,122,379,35,24,-1,-1
127,2579,100,381,29,23,-1,-1
127,2580,58,374,31,26,-1,-1
127,2479,143,462,334,213,-1,-1
128,2578,122,379,35,24,-1,-1
128,2579,100,381,29,23,-1,-1
128,2580,58,374,31,26,-1,-1
128,2479,136,458,317,207,-1,-1
129,2578,122,379,35,24,-1,-1
129,2579,100,381,29,23,-1,-1
129,2580,58,374,31,26,-1,-1
129,2479,130,454,300,201,-1,-1
130,2578,122,379,35,24,-1,-1
130,2579,100,381,29,23,-1,-1
130,2580,58,374,31,26,-1,-1
130,2479,125,450,285,194,-1,-1
131,2578,122,379,35,24,-1,-1
131,2579,100,381,30,23,-1,-1
131,2580,58,374,31,26,-1,-1
131,2479,121,446,270,188,-1,-1
132,2578,122,379,35,24,-1,-1
132,2579,100,381,30,23,-1,-1
132,2580,58,374,31,26,-1,-1
132,2479,118,442,257,182,-1,-1
133,2578,121,379,35,24,-1,-1
133,2579,100,381,30,23,-1,-1
133,2580,58,374,31,25,-1,-1
133,2479,115,438,245,176,-1,-1
134,2578,121,379,35,24,-1,-1
134,2579,100,381,30,23,-1,-1
134,2580,58,374,31,25,-1,-1
134,2479,112,435,233,171,-1,-1
135,2578,121,379,35,24,-1,-1
135,2579,100,381,30,22,-1,-1
135,2580,58,374,31,25,-1,-1
135,2479,110,431,223,165,-1,-1
136,2578,121,379,35,24,-1,-1
136,2579,100,382,30,22,-1,-1
136,2580,57,374,32,25,-1,-1
136,2479,107,428,214,160,-1,-1
137,2578,121,379,35,24,-1,-1
137,2579,99,382,30,22,-1,-1
137,2580,57,374,32,25,-1,-1
137,2479,104,425,206,155,-1,-1
138,2578,121,379,35,24,-1,-1
138,2579,99,382,30,22,-1,-1
138,2580,57,374,32,25,-1,-1
138,2479,101,421,199,151,-1,-1
139,2578,121,379,35,24,-1,-1
139,2579,99,382,30,22,-1,-1
139,2580,56,374,33,25,-1,-1
139,2479,97,418,193,146,-1,-1
140,2579,99,382,30,22,-1,-1
140,2580,56,374,33,25,-1,-1
140,2479,94,416,187,142,-1,-1
141,2579,99,382,30,22,-1,-1
141,2479,90,413,183,138,-1,-1
142,2579,99,382,30,22,-1,-1
142,2479,87,410,178,134,-1,-1
143,2579,99,382,30,22,-1,-1
143,2479,84,408,174,131,-1,-1
144,2479,81,405,169,127,-1,-1
145,2479,79,403,164,124,-1,-1
146,2479,77,401,160,121,-1,-1
147,2479,75,399,155,117,-1,-1
148,2479,73,397,150,114,-1,-1
149,2479,72,395,146,112,-1,-1
150,2479,70,393,141,109,-1,-1
151,2479,68,391,136,106,-1,-1
152,2479,67,389,132,104,-1,-1
153,2479,65,387,128,101,-1,-1
154,2479,64,386,124,99,-1,-1
155,2476,1926,505,612,341,-1,-1
155,2479,62,384,121,96,-1,-1
156,2476,1793,504,754,343,-1,-1
156,2479,60,382,118,94,-1,-1
157,2476,1665,504,883,344,-1,-1
157,2479,59,381,115,92,-1,-1
158,2476,1542,503,990,345,-1,-1
158,2479,57,379,112,90,-1,-1
159,2476,1424,503,1063,345,-1,-1
159,2479,55,378,110,88,-1,-1
160,2476,1312,503,1097,345,-1,-1
160,2479,52,377,107,86,-1,-1
161,2476,1204,503,1102,344,-1,-1
161,2479,50,375,105,84,-1,-1
162,2476,1102,504,1089,341,-1,-1
162,2479,48,374,104,82,-1,-1
163,2476,1005,504,1066,338,-1,-1
163,2479,45,373,103,80,-1,-1
164,2476,913,505,1040,335,-1,-1
164,2479,42,372,101,78,-1,-1
165,2476,826,506,1014,331,-1,-1
165,2479,40,371,100,77,-1,-1
166,2476,743,506,991,327,-1,-1
166,2479,37,369,100,75,-1,-1
167,2476,664,507,972,323,-1,-1
167,2479,35,368,99,74,-1,-1
168,2476,591,507,954,319,-1,-1
168,2479,33,367,98,73,-1,-1
169,2476,523,506,936,316,-1,-1
169,2582,135,369,26,28,-1,-1
169,2479,31,366,96,72,-1,-1
170,2476,460,505,915,313,-1,-1
170,2582,135,369,27,28,-1,-1
170,2479,29,365,95,71,-1,-1
171,2476,403,504,888,310,-1,-1
171,2582,134,369,27,28,-1,-1
171,2479,28,364,93,70,-1,-1
172,2476,351,502,852,308,-1,-1
172,2582,133,370,28,28,-1,-1
172,2583,94,365,33,36,-1,-1
172,2479,27,363,92,70,-1,-1
173,2476,305,500,806,305,-1,-1
173,2582,133,370,28,28,-1,-1
173,2583,94,365,33,36,-1,-1
173,2479,26,362,90,69,-1,-1
174,2476,265,498,758,303,-1,-1
174,2582,132,370,29,28,-1,-1
174,2583,94,365,33,35,-1,-1
174,2479,25,361,88,68,-1,-1
175,2476,230,495,716,300,-1,-1
175,2582,131,370,30,28,-1,-1
175,2583,94,366,33,35,-1,-1
175,2479,24,360,86,67,-1,-1
176,2476,200,493,683,297,-1,-1
176,2582,131,370,30,28,-1,-1
176,2583,94,366,33,35,-1,-1
176,2479,24,359,84,66,-1,-1
177,2476,176,490,651,293,-1,-1
177,2582,130,370,31,28,-1,-1
177,2583,94,366,33,35,-1,-1
177,2479,23,358,82,65,-1,-1
178,2476,155,487,616,288,-1,-1
178,2582,129,370,31,28,-1,-1
178,2583,94,366,34,34,-1,-1
178,2479,23,358,80,65,-1,-1
179,2476,139,484,575,282,-1,-1
179,2582,129,371,32,28,-1,-1
179,2583,94,367,34,34,-1,-1
179,2479,22,357,79,64,-1,-1
180,2476,127,481,533,275,-1,-1
180,2582,128,371,32,28,-1,-1
180,2583,93,367,34,34,-1,-1
180,2479,22,356,77,63,-1,-1
181,2476,117,478,491,267,-1,-1
181,2582,127,371,33,28,-1,-1
181,2583,93,367,34,34,-1,-1
181,2479,22,356,76,62,-1,-1
182,2476,111,475,452,259,-1,-1
182,2582,127,371,34,28,-1,-1
182,2583,93,367,34,33,-1,-1
182,2479,21,355,76,61,-1,-1
183,2476,106,471,417,250,-1,-1
183,2582,126,371,34,28,-1,-1
183,2583,93,368,34,33,-1,-1
183,2479,20,355,75,60,-1,-1
184,2476,103,467,386,241,-1,-1
184,2582,125,371,35,28,-1,-1
184,2583,93,368,34,33,-1,-1
184,2479,20,355,75,59,-1,-1
185,2476,102,463,360,232,-1,-1
185,2582,125,371,35,28,-1,-1
185,2583,93,368,35,33,-1,-1
185,2479,19,355,75,58,-1,-1
186,2476,101,459,336,223,-1,-1
186,2582,124,372,36,28,-1,-1
186,2583,93,368,35,32,-1,-1
186,2479,19,355,76,56,-1,-1
187,2476,100,455,314,215,-1,-1
187,2582,123,372,36,28,-1,-1
187,2583,93,369,35,32,-1,-1
187,2479,18,355,76,55,-1,-1
188,2476,100,450,292,207,-1,-1
188,2582,123,372,37,28,-1,-1
188,2583,93,369,35,32,-1,-1
188,2479,18,355,76,54,-1,-1
189,2476,100,445,271,200,-1,-1
189,2582,122,372,38,28,-1,-1
189,2583,93,369,35,31,-1,-1
189,2479,18,355,76,53,-1,-1
190,2476,100,441,253,194,-1,-1
190,2582,121,372,38,28,-1,-1
190,2583,93,369,35,31,-1,-1
190,2479,18,356,76,52,-1,-1
191,2476,99,436,238,188,-1,-1
191,2582,121,372,39,28,-1,-1
191,2583,93,369,35,31,-1,-1
191,2479,19,356,75,50,-1,-1
192,2476,98,432,227,183,-1,-1
192,2582,120,372,39,28,-1,-1
192,2583,93,370,36,31,-1,-1
192,2479,19,357,74,49,-1,-1
193,2476,97,428,218,178,-1,-1
193,2582,119,372,40,28,-1,-1
193,2583,93,370,36,30,-1,-1
193,2479,20,358,73,48,-1,-1
194,2476,95,424,208,174,-1,-1
194,2582,119,373,41,28,-1,-1
194,2583,93,370,36,30,-1,-1
194,2479,22,358,71,46,-1,-1
195,2476,93,420,199,169,-1,-1
195,2582,118,373,41,28,-1,-1
195,2583,93,370,36,30,-1,-1
195,2479,23,359,69,45,-1,-1
196,2476,90,416,191,165,-1,-1
196,2582,117,373,42,28,-1,-1
196,2583,93,371,36,30,-1,-1
196,2479,25,360,66,43,-1,-1
197,2476,88,413,186,162,-1,-1
197,2582,117,373,42,29,-1,-1
197,2583,93,371,36,29,-1,-1
197,2479,28,361,63,42,-1,-1
198,2476,86,410,185,158,-1,-1
198,2583,93,371,36,29,-1,-1
198,2479,30,362,59,40,-1,-1
199,2476,83,408,186,154,-1,-1
199,2583,93,371,37,29,-1,-1
199,2479,32,363,56,38,-1,-1
200,2476,81,405,186,150,-1,-1
200,2583,92,372,37,28,-1,-1
200,2479,34,364,53,37,-1,-1
201,2476,80,403,184,146,-1,-1
201,2583,92,372,37,28,-1,-1
201,2479,36,365,49,35,-1,-1
202,2476,78,401,180,142,-1,-1
202,2583,92,372,37,28,-1,-1
202,2479,38,366,46,33,-1,-1
202,2364,2329,535,228,302,-1,-1
203,2476,77,398,174,138,-1,-1
203,2479,39,366,43,31,-1,-1
203,2364,2181,524,374,314,-1,-1
204,2476,75,396,167,134,-1,-1
204,2479,40,367,41,30,-1,-1
204,2364,2032,513,518,325,-1,-1
205,2476,74,394,161,130,-1,-1
205,2364,1884,503,663,334,-1,-1
206,2476,72,392,156,127,-1,-1
206,2364,1736,495,812,342,-1,-1
207,2476,70,390,152,123,-1,-1
207,2364,1591,488,961,347,-1,-1
208,2476,68,388,147,120,-1,-1
208,2364,1450,484,1080,350,-1,-1
209,2476,66,386,143,117,-1,-1
209,2364,1316,481,1134,351,-1,-1
210,2476,63,384,138,114,-1,-1
210,2364,1190,480,1125,351,-1,-1
211,2476,61,382,134,111,-1,-1
211,2364,1073,479,1085,349,-1,-1
212,2476,58,380,130,109,-1,-1
212,2364,964,480,1045,345,-1,-1
213,2476,56,378,127,106,-1,-1
213,2364,862,481,1015,341,-1,-1
214,2476,53,377,124,103,-1,-1
214,2364,768,482,994,336,-1,-1
215,2476,51,376,121,101,-1,-1
215,2364,680,483,974,331,-1,-1
216,2476,49,374,119,98,-1,-1
216,2364,599,483,947,326,-1,-1
217,2476,48,373,117,95,-1,-1
217,2364,525,483,908,321,-1,-1
218,2476,46,372,113,92,-1,-1
218,2364,458,482,859,316,-1,-1
219,2476,44,371,109,90,-1,-1
219,2364,397,480,811,311,-1,-1
220,2476,42,370,105,87,-1,-1
220,2364,343,478,770,306,-1,-1
221,2476,40,369,102,85,-1,-1
221,2364,295,475,731,301,-1,-1
222,2476,38,368,100,83,-1,-1
222,2364,253,472,689,295,-1,-1
223,2476,36,367,100,81,-1,-1
223,2364,217,468,644,289,-1,-1
224,2476,33,366,100,80,-1,-1
224,2364,188,465,601,282,-1,-1
225,2476,31,364,99,78,-1,-1
225,2364,166,461,559,274,-1,-1
226,2476,29,363,98,77,-1,-1
226,2364,149,457,519,266,-1,-1
227,2476,28,362,97,76,-1,-1
227,2364,137,454,481,258,-1,-1
228,2476,26,361,96,76,-1,-1
228,2364,129,450,443,249,-1,-1
229,2476,25,360,96,75,-1,-1
229,2364,123,446,405,241,-1,-1
230,2476,24,358,94,74,-1,-1
230,2364,118,442,370,232,-1,-1
231,2476,23,357,92,73,-1,-1
231,2364,115,437,339,224,-1,-1
232,2476,22,356,90,71,-1,-1
232,2364,111,433,313,215,-1,-1
233,2476,21,355,88,70,-1,-1
233,2364,108,429,295,207,-1,-1
234,2476,20,355,86,68,-1,-1
234,2364,104,425,278,199,-1,-1
235,2476,18,354,84,66,-1,-1
235,2364,100,421,262,192,-1,-1
235,2587,1690,586,871,261,-1,-1
236,2476,17,354,83,64,-1,-1
236,2364,96,418,245,184,-1,-1
236,2587,1554,585,885,260,-1,-1
237,2476,16,354,83,62,-1,-1
237,2364,93,414,231,177,-1,-1
237,2587,1425,584,893,260,-1,-1
238,2476,16,354,82,60,-1,-1
238,2364,90,411,218,171,-1,-1
238,2587,1303,582,896,259,-1,-1
239,2476,15,355,82,58,-1,-1
239,2364,87,407,207,165,-1,-1
239,2587,1190,580,893,258,-1,-1
240,2476,15,355,82,56,-1,-1
240,2364,84,404,199,160,-1,-1
240,2587,1084,579,884,257,-1,-1
241,2476,15,356,81,53,-1,-1
241,2364,82,400,195,155,-1,-1
241,2587,986,577,871,255,-1,-1
242,2476,16,357,79,51,-1,-1
242,2364,80,397,193,151,-1,-1
242,2587,895,575,852,253,-1,-1
243,2476,16,358,76,49,-1,-1
243,2364,79,394,190,146,-1,-1
243,2587,812,572,829,251,-1,-1
244,2476,18,360,72,47,-1,-1
244,2364,77,391,183,142,-1,-1
244,2587,735,570,803,249,-1,-1
245,2476,19,361,69,45,-1,-1
245,2364,75,388,175,138,-1,-1
245,2587,664,567,773,246,-1,-1
246,2476,21,362,67,43,-1,-1
246,2364,72,386,167,135,-1,-1
246,2587,600,565,740,243,-1,-1
247,2476,23,362,64,41,-1,-1
247,2364,70,383,162,131,-1,-1
247,2587,541,562,705,239,-1,-1
248,2476,25,363,61,40,-1,-1
248,2364,67,381,159,128,-1,-1
248,2587,489,558,668,235,-1,-1
249,2476,27,364,58,38,-1,-1
249,2364,64,379,156,125,-1,-1
249,2587,442,555,630,231,-1,-1
250,2476,29,364,54,37,-1,-1
250,2364,61,377,152,122,-1,-1
250,2587,402,551,592,227,-1,-1
251,2476,31,364,50,36,-1,-1
251,2364,59,376,148,119,-1,-1
251,2587,367,547,553,223,-1,-1
252,2476,33,364,45,35,-1,-1
252,2364,57,374,143,116,-1,-1
252,2587,338,543,514,218,-1,-1
253,2364,55,373,138,112,-1,-1
253,2587,314,539,477,213,-1,-1
254,2364,53,372,134,109,-1,-1
254,2587,294,534,441,208,-1,-1
255,2364,51,371,131,106,-1,-1
255,2587,278,530,408,203,-1,-1
256,2364,48,370,129,102,-1,-1
256,2587,264,525,377,198,-1,-1
257,2364,46,369,125,99,-1,-1
257,2587,253,520,350,193,-1,-1
258,2364,44,369,120,96,-1,-1
258,2587,243,515,326,188,-1,-1
259,2364,41,368,114,93,-1,-1
259,2587,233,510,306,183,-1,-1
260,2364,39,367,110,90,-1,-1
260,2587,224,505,289,178,-1,-1
261,2364,36,365,108,88,-1,-1
261,2587,214,500,276,173,-1,-1
262,2364,34,364,106,86,-1,-1
262,2587,204,495,265,168,-1,-1
263,2364,32,362,105,84,-1,-1
263,2587,193,490,257,163,-1,-1
264,2364,30,361,104,83,-1,-1
264,2587,182,484,250,159,-1,-1
265,2364,29,359,103,82,-1,-1
265,2587,171,479,244,154,-1,-1
266,2364,28,357,102,81,-1,-1
266,2587,160,474,238,150,-1,-1
267,2364,27,356,100,80,-1,-1
267,2587,150,470,233,146,-1,-1
268,2364,26,355,97,79,-1,-1
268,2587,140,465,226,142,-1,-1
269,2364,24,354,95,78,-1,-1
269,2586,132,368,32,31,-1,-1
269,2587,131,460,220,139,-1,-1
270,2364,23,353,93,77,-1,-1
270,2586,131,369,33,31,-1,-1
270,2587,122,456,213,135,-1,-1
271,2364,21,352,91,75,-1,-1
271,2586,131,370,33,30,-1,-1
271,2587,114,452,206,132,-1,-1
272,2364,20,352,88,74,-1,-1
272,2586,130,370,33,30,-1,-1
272,2587,107,447,198,129,-1,-1
273,2364,19,351,85,72,-1,-1
273,2586,129,371,34,30,-1,-1
273,2587,100,443,191,126,-1,-1
274,2364,18,351,83,70,-1,-1
274,2586,128,371,34,29,-1,-1
274,2587,94,440,184,123,-1,-1
275,2364,17,351,82,68,-1,-1
275,2586,127,372,34,29,-1,-1
275,2587,89,436,177,120,-1,-1
276,2364,16,351,81,67,-1,-1
276,2586,126,372,35,29,-1,-1
276,2587,84,433,171,117,-1,-1
277,2364,15,352,80,65,-1,-1
277,2586,126,373,35,28,-1,-1
277,2587,80,429,164,114,-1,-1
278,2364,15,352,79,63,-1,-1
278,2586,125,373,35,28,-1,-1
278,2587,76,426,159,111,-1,-1
279,2364,14,353,79,61,-1,-1
279,2586,124,374,36,28,-1,-1
279,2587,73,423,153,109,-1,-1
280,2364,14,353,79,59,-1,-1
280,2586,123,374,36,27,-1,-1
280,2587,70,420,148,106,-1,-1
281,2364,14,354,78,57,-1,-1
281,2586,122,375,36,27,-1,-1
281,2587,68,418,143,104,-1,-1
282,2364,15,355,77,55,-1,-1
282,2586,121,375,37,27,-1,-1
282,2587,66,415,139,101,-1,-1
283,2364,17,356,74,53,-1,-1
283,2587,63,412,135,99,-1,-1
284,2364,20,358,70,50,-1,-1
284,2587,61,410,131,97,-1,-1
285,2364,24,359,66,48,-1,-1
285,2587,59,408,127,95,-1,-1
286,2364,28,360,61,46,-1,-1
286,2587,57,405,123,92,-1,-1
287,2364,32,360,57,44,-1,-1
287,2587,55,403,119,90,-1,-1
288,2364,36,360,51,42,-1,-1
288,2587,53,401,115,88,-1,-1
289,2587,51,399,112,86,-1,-1
290,2587,49,397,109,84,-1,-1
291,2587,47,395,106,82,-1,-1
292,2587,45,393,103,80,-1,-1
293,2587,43,391,101,79,-1,-1
294,2587,41,389,99,77,-1,-1
295,2587,39,388,96,75,-1,-1
296,2587,37,386,94,74,-1,-1
297,2587,35,384,92,72,-1,-1
298,2587,34,382,90,71,-1,-1
299,2587,33,381,89,69,-1,-1
300,2587,31,379,87,68,-1,-1
301,2587,30,378,85,66,-1,-1
302,2587,28,376,83,65,-1,-1
303,2587,27,375,82,64,-1,-1
303,2588,125,374,34,28,-1,-1
303,2589,98,374,32,27,-1,-1
304,2587,25,374,81,63,-1,-1
304,2588,125,374,34,28,-1,-1
304,2589,98,374,32,27,-1,-1
305,2587,23,372,81,62,-1,-1
305,2588,125,374,34,28,-1,-1
305,2589,98,374,32,27,-1,-1
306,2587,21,371,80,60,-1,-1
306,2588,125,374,34,28,-1,-1
306,2589,98,374,32,27,-1,-1
307,2587,20,370,80,59,-1,-1
307,2588,125,374,34,28,-1,-1
307,2589,98,374,32,27,-1,-1
308,2587,18,369,79,58,-1,-1
308,2588,125,374,34,28,-1,-1
308,2589,98,374,32,27,-1,-1
309,2587,17,368,79,57,-1,-1
309,2588,125,374,34,28,-1,-1
309,2589,98,374,32,27,-1,-1
310,2587,16,368,78,55,-1,-1
310,2588,125,374,34,28,-1,-1
310,2589,98,374,32,27,-1,-1
311,2587,15,367,77,54,-1,-1
311,2588,125,374,34,28,-1,-1
311,2589,98,374,32,27,-1,-1
312,2587,15,366,76,52,-1,-1
312,2588,125,374,34,28,-1,-1
312,2589,98,374,32,27,-1,-1
313,2587,16,366,75,51,-1,-1
313,2588,125,374,34,28,-1,-1
313,2589,98,375,31,27,-1,-1
314,2587,17,365,73,50,-1,-1
314,2588,125,374,34,27,-1,-1
314,2589,98,375,31,27,-1,-1
315,2587,19,365,71,48,-1,-1
315,2588,125,374,34,27,-1,-1
315,2589,98,375,31,27,-1,-1
316,2587,21,365,68,47,-1,-1
316,2588,125,374,34,27,-1,-1
316,2589,98,375,31,27,-1,-1
317,2587,23,365,66,45,-1,-1
317,2588,125,374,34,27,-1,-1
317,2589,98,375,31,27,-1,-1
318,2587,26,365,63,44,-1,-1
318,2588,125,374,34,27,-1,-1
318,2589,98,375,31,27,-1,-1
319,2587,29,365,60,42,-1,-1
319,2588,125,374,34,27,-1,-1
319,2589,98,375,31,27,-1,-1
320,2587,32,365,56,41,-1,-1
320,2588,125,374,34,27,-1,-1
320,2589,98,375,31,27,-1,-1
321,2587,35,365,53,40,-1,-1
321,2588,125,374,34,27,-1,-1
321,2589,98,375,31,27,-1,-1
321,2590,2,358,60,46,-1,-1
322,2587,38,365,50,38,-1,-1
322,2588,125,374,34,27,-1,-1
322,2589,98,375,31,27,-1,-1
322,2590,3,359,59,45,-1,-1
323,2587,40,365,47,37,-1,-1
323,2588,125,374,34,27,-1,-1
323,2589,98,375,31,27,-1,-1
323,2590,3,360,58,44,-1,-1
324,2587,42,366,45,36,-1,-1
324,2588,125,374,34,27,-1,-1
324,2589,98,375,31,27,-1,-1
324,2590,4,360,57,43,-1,-1
325,2587,44,366,43,35,-1,-1
325,2588,125,375,34,27,-1,-1
325,2589,98,375,31,26,-1,-1
325,2590,5,361,56,42,-1,-1
326,2587,45,367,42,34,-1,-1
326,2588,125,375,34,27,-1,-1
326,2589,98,375,31,26,-1,-1
326,2590,5,362,55,41,-1,-1
327,2587,46,367,41,33,-1,-1
327,2588,125,375,34,27,-1,-1
327,2589,98,375,31,26,-1,-1
327,2590,6,363,54,40,-1,-1
328,2587,47,367,40,32,-1,-1
328,2588,125,375,34,27,-1,-1
328,2589,98,375,31,26,-1,-1
328,2590,6,363,53,38,-1,-1
329,2587,47,368,40,32,-1,-1
329,2588,125,375,34,27,-1,-1
329,2589,98,375,31,26,-1,-1
329,2590,7,364,52,37,-1,-1
330,2587,47,368,40,31,-1,-1
330,2588,125,375,34,27,-1,-1
330,2589,98,375,31,26,-1,-1
330,2590,7,365,50,36,-1,-1
331,2587,47,369,40,30,-1,-1
331,2588,125,375,34,27,-1,-1
331,2589,98,376,31,26,-1,-1
331,2590,8,365,49,35,-1,-1
332,2587,47,369,41,30,-1,-1
332,2588,125,375,34,27,-1,-1
332,2589,98,376,31,26,-1,-1
332,2590,8,366,48,34,-1,-1
333,2587,47,370,41,29,-1,-1
333,2588,125,375,34,27,-1,-1
333,2589,98,376,31,26,-1,-1
333,2590,9,367,47,33,-1,-1
334,2587,48,370,41,29,-1,-1
334,2588,125,375,34,27,-1,-1
334,2589,98,376,31,26,-1,-1
335,2587,48,370,41,29,-1,-1
335,2588,125,375,34,27,-1,-1
335,2589,98,376,31,26,-1,-1
336,2587,48,371,41,28,-1,-1
336,2588,125,375,34,27,-1,-1
336,2589,98,376,31,26,-1,-1
337,2587,49,371,40,28,-1,-1
337,2588,125,375,34,27,-1,-1
337,2589,98,376,31,26,-1,-1
338,2587,50,371,40,28,-1,-1
338,2588,125,375,34,27,-1,-1
338,2589,98,376,31,26,-1,-1
339,2587,51,372,39,28,-1,-1
339,2588,125,375,34,27,-1,-1
339,2589,98,376,31,26,-1,-1
340,2587,52,372,38,28,-1,-1
340,2588,125,375,34,27,-1,-1
340,2589,98,376,31,26,-1,-1
341,2587,53,372,37,28,-1,-1
341,2588,125,375,34,27,-1,-1
341,2589,98,376,31,26,-1,-1
342,2587,54,372,36,27,-1,-1
342,2588,125,375,34,27,-1,-1
342,2589,98,376,31,26,-1,-1
343,2587,55,373,35,27,-1,-1
343,2588,125,375,34,27,-1,-1
343,2589,98,376,31,26,-1,-1
344,2587,55,373,34,27,-1,-1
344,2588,125,375,34,27,-1,-1
344,2589,98,376,31,26,-1,-1
345,2587,56,373,33,27,-1,-1
345,2588,125,375,34,27,-1,-1
345,2589,98,376,31,26,-1,-1
346,2587,56,373,33,27,-1,-1
346,2588,125,375,34,27,-1,-1
346,2589,98,376,31,26,-1,-1
347,2587,56,373,32,27,-1,-1
347,2588,125,375,34,27,-1,-1
347,2589,98,376,31,26,-1,-1
348,2587,56,373,32,27,-1,-1
348,2588,125,375,34,27,-1,-1
348,2589,98,376,31,26,-1,-1
349,2587,56,373,32,27,-1,-1
349,2588,125,375,34,27,-1,-1
349,2589,98,377,31,26,-1,-1
350,2587,56,373,32,27,-1,-1
350,2588,125,375,34,27,-1,-1
350,2589,98,377,31,26,-1,-1
351,2587,56,373,32,27,-1,-1
351,2588,125,375,34,27,-1,-1
351,2589,98,377,31,26,-1,-1
352,2587,56,373,32,27,-1,-1
352,2588,125,375,34,27,-1,-1
352,2589,98,377,31,26,-1,-1
353,2587,56,373,32,27,-1,-1
353,2588,125,375,34,27,-1,-1
353,2589,98,377,31,26,-1,-1
354,2587,56,373,32,27,-1,-1
354,2588,125,376,34,27,-1,-1
354,2589,98,377,31,26,-1,-1
355,2587,56,373,32,27,-1,-1
355,2588,125,376,34,27,-1,-1
355,2589,98,377,31,26,-1,-1
356,2587,56,373,32,27,-1,-1
356,2588,125,376,34,27,-1,-1
356,2589,98,377,31,25,-1,-1
357,2587,56,373,32,27,-1,-1
357,2588,125,376,34,27,-1,-1
357,2589,98,377,31,25,-1,-1
358,2587,56,373,32,27,-1,-1
358,2588,125,376,34,27,-1,-1
358,2589,98,377,31,25,-1,-1
359,2587,56,373,32,27,-1,-1
359,2588,124,376,34,27,-1,-1
359,2589,98,377,31,25,-1,-1
360,2587,56,373,32,27,-1,-1
360,2588,124,376,34,27,-1,-1
360,2589,98,377,31,25,-1,-1
361,2587,56,373,32,27,-1,-1
361,2588,124,376,34,26,-1,-1
361,2589,98,377,31,25,-1,-1
362,2587,56,373,32,27,-1,-1
362,2588,124,376,34,26,-1,-1
362,2589,98,377,31,25,-1,-1
363,2587,56,373,32,27,-1,-1
363,2588,124,376,34,26,-1,-1
363,2589,98,377,31,25,-1,-1
364,2587,56,373,32,27,-1,-1
364,2588,124,376,34,26,-1,-1
364,2589,98,377,31,25,-1,-1
365,2587,56,373,32,27,-1,-1
365,2588,124,376,34,26,-1,-1
365,2589,98,377,31,25,-1,-1
366,2587,56,373,32,27,-1,-1
366,2588,124,376,34,26,-1,-1
366,2589,98,377,31,25,-1,-1
367,2587,56,373,32,27,-1,-1
367,2588,124,376,34,26,-1,-1
367,2589,98,378,30,25,-1,-1
368,2587,56,373,33,27,-1,-1
368,2588,124,376,34,26,-1,-1
368,2589,98,378,30,25,-1,-1
369,2587,56,373,33,27,-1,-1
369,2588,124,376,34,26,-1,-1
369,2589,98,378,30,25,-1,-1
370,2587,56,373,33,27,-1,-1
370,2588,124,376,34,26,-1,-1
370,2589,98,378,30,25,-1,-1
371,2587,56,373,33,27,-1,-1
371,2588,124,376,34,26,-1,-1
371,2589,98,378,30,25,-1,-1
372,2587,56,373,33,27,-1,-1
372,2588,124,376,34,26,-1,-1
372,2589,98,378,30,25,-1,-1
373,2587,56,373,32,27,-1,-1
373,2588,124,376,34,26,-1,-1
373,2589,98,378,30,25,-1,-1
374,2587,56,373,32,27,-1,-1
374,2588,124,376,34,26,-1,-1
374,2589,98,378,30,25,-1,-1
375,2587,56,373,32,27,-1,-1
375,2588,124,376,34,26,-1,-1
375,2589,98,378,30,25,-1,-1
376,2587,56,373,32,27,-1,-1
376,2588,124,376,34,26,-1,-1
376,2589,98,378,30,25,-1,-1
377,2587,57,373,32,27,-1,-1
377,2588,124,376,34,26,-1,-1
377,2589,98,378,30,25,-1,-1
378,2587,57,373,32,27,-1,-1
378,2588,124,376,34,26,-1,-1
378,2589,98,378,30,25,-1,-1
379,2587,56,373,32,27,-1,-1
379,2588,124,376,34,26,-1,-1
379,2589,98,378,30,25,-1,-1
380,2587,56,373,32,27,-1,-1
380,2588,124,376,34,26,-1,-1
380,2589,98,378,30,25,-1,-1
381,2587,56,373,33,27,-1,-1
381,2588,124,376,34,26,-1,-1
381,2589,98,378,30,25,-1,-1
382,2587,56,373,33,27,-1,-1
382,2588,124,376,34,26,-1,-1
382,2589,98,378,30,25,-1,-1
383,2587,55,373,33,27,-1,-1
383,2588,124,377,34,26,-1,-1
383,2589,98,378,30,25,-1,-1
384,2587,55,373,34,27,-1,-1
384,2588,124,377,34,26,-1,-1
384,2589,98,378,30,25,-1,-1
385,2587,55,373,34,27,-1,-1
385,2588,124,377,34,26,-1,-1
385,2589,98,379,30,25,-1,-1
386,2587,54,373,34,27,-1,-1
386,2588,124,377,34,26,-1,-1
386,2589,98,379,30,24,-1,-1
387,2587,54,373,35,27,-1,-1
387,2588,124,377,34,26,-1,-1
387,2589,98,379,30,24,-1,-1
388,2587,54,373,35,27,-1,-1
388,2588,124,377,34,26,-1,-1
388,2589,98,379,30,24,-1,-1
389,2587,54,373,35,27,-1,-1
389,2588,124,377,34,26,-1,-1
389,2589,98,379,30,24,-1,-1
390,2587,54,373,35,27,-1,-1
390,2588,124,377,34,26,-1,-1
390,2589,98,379,30,24,-1,-1
391,2587,54,373,35,27,-1,-1
391,2588,124,377,34,26,-1,-1
391,2589,98,379,30,24,-1,-1
392,2587,54,373,35,27,-1,-1
392,2588,124,377,34,26,-1,-1
392,2589,98,379,30,24,-1,-1
393,2587,54,373,35,27,-1,-1
393,2588,124,377,34,26,-1,-1
393,2589,98,379,30,24,-1,-1
394,2587,54,373,35,27,-1,-1
394,2588,124,377,34,26,-1,-1
394,2589,98,379,30,24,-1,-1
395,2587,54,373,35,27,-1,-1
395,2588,124,377,34,26,-1,-1
395,2589,98,379,30,24,-1,-1
396,2587,54,373,35,27,-1,-1
396,2588,124,377,34,26,-1,-1
396,2589,98,379,30,24,-1,-1
397,2587,54,373,35,27,-1,-1
397,2588,124,377,34,26,-1,-1
397,2589,98,379,30,24,-1,-1
398,2587,54,373,35,27,-1,-1
398,2588,124,377,34,26,-1,-1
398,2589,98,379,30,24,-1,-1
399,2587,54,373,35,27,-1,-1
399,2588,124,377,34,26,-1,-1
399,2589,98,379,30,24,-1,-1
400,2587,54,373,35,27,-1,-1
400,2588,124,377,34,26,-1,-1
400,2589,98,379,30,24,-1,-1
401,2587,54,373,35,27,-1,-1
401,2588,124,377,34,26,-1,-1
401,2589,98,379,30,24,-1,-1
402,2587,54,373,35,27,-1,-1
402,2588,124,377,34,26,-1,-1
402,2589,98,379,30,24,-1,-1
403,2587,54,373,35,27,-1,-1
403,2588,124,377,34,26,-1,-1
403,2589,98,380,30,24,-1,-1
404,2587,54,374,35,27,-1,-1
404,2588,124,377,34,26,-1,-1
404,2589,99,380,30,24,-1,-1
405,2587,54,374,34,27,-1,-1
405,2588,124,377,34,26,-1,-1
405,2589,99,380,30,24,-1,-1
406,2587,54,374,34,27,-1,-1
406,2588,124,377,34,26,-1,-1
406,2589,99,380,30,24,-1,-1
407,2587,54,374,34,27,-1,-1
407,2588,124,377,34,26,-1,-1
407,2589,99,380,30,24,-1,-1
408,2587,54,374,34,27,-1,-1
408,2588,124,377,34,26,-1,-1
408,2589,99,380,30,24,-1,-1
409,2587,54,374,34,27,-1,-1
409,2588,124,377,34,25,-1,-1
409,2589,99,380,30,24,-1,-1
410,2587,54,374,34,27,-1,-1
410,2588,124,377,34,25,-1,-1
410,2589,99,380,30,24,-1,-1
411,2587,54,374,35,27,-1,-1
411,2588,124,378,34,25,-1,-1
411,2589,99,380,30,24,-1,-1
412,2587,54,374,35,27,-1,-1
412,2588,124,378,34,25,-1,-1
412,2589,99,380,30,24,-1,-1
413,2587,54,374,35,27,-1,-1
413,2588,124,378,34,25,-1,-1
413,2589,99,380,30,24,-1,-1
414,2587,54,374,35,27,-1,-1
414,2588,124,378,34,25,-1,-1
414,2589,99,380,30,24,-1,-1
415,2587,54,374,35,27,-1,-1
415,2588,124,378,34,25,-1,-1
415,2589,99,380,30,24,-1,-1
416,2587,54,374,35,27,-1,-1
416,2588,124,378,34,25,-1,-1
416,2589,99,380,30,23,-1,-1
417,2587,54,374,35,27,-1,-1
417,2588,124,378,34,25,-1,-1
417,2589,99,380,30,23,-1,-1
418,2587,54,374,35,27,-1,-1
418,2588,124,378,34,25,-1,-1
418,2589,99,380,30,23,-1,-1
419,2587,54,374,35,27,-1,-1
419,2588,124,378,34,25,-1,-1
419,2589,99,380,30,23,-1,-1
420,2587,54,374,35,27,-1,-1
420,2588,124,378,34,25,-1,-1
420,2589,99,380,30,23,-1,-1
421,2587,55,374,34,27,-1,-1
421,2588,124,378,34,25,-1,-1
421,2589,99,381,30,23,-1,-1
422,2587,55,374,34,27,-1,-1
422,2588,124,378,34,25,-1,-1
422,2589,99,381,30,23,-1,-1
423,2587,55,374,34,28,-1,-1
423,2588,124,378,34,25,-1,-1
423,2589,99,381,29,23,-1,-1
424,2587,55,374,34,28,-1,-1
424,2588,124,378,34,25,-1,-1
424,2589,99,381,29,23,-1,-1
425,2587,55,374,33,28,-1,-1
425,2588,124,378,34,25,-1,-1
425,2589,99,381,29,23,-1,-1
426,2587,55,374,33,28,-1,-1
426,2588,124,378,34,25,-1,-1
426,2589,99,381,29,23,-1,-1
427,2587,55,374,33,27,-1,-1
427,2588,124,378,34,25,-1,-1
427,2589,99,381,29,23,-1,-1
428,2587,55,374,33,27,-1,-1
428,2588,124,378,34,25,-1,-1
428,2589,99,381,29,23,-1,-1
429,2587,55,374,33,27,-1,-1
429,2588,124,378,34,25,-1,-1
429,2589,99,381,29,23,-1,-1
430,2587,55,374,33,27,-1,-1
430,2588,124,378,34,25,-1,-1
430,2589,99,381,29,23,-1,-1
431,2587,55,374,34,27,-1,-1
431,2588,124,378,34,25,-1,-1
431,2589,99,381,29,23,-1,-1
432,2587,55,374,34,27,-1,-1
432,2588,124,378,34,25,-1,-1
432,2589,99,381,29,23,-1,-1
433,2587,54,374,34,27,-1,-1
433,2588,124,378,34,25,-1,-1
433,2589,99,381,29,23,-1,-1
434,2587,54,374,34,27,-1,-1
434,2588,124,378,34,25,-1,-1
434,2589,99,381,29,23,-1,-1
435,2587,54,374,35,27,-1,-1
435,2588,123,378,34,25,-1,-1
435,2589,99,381,29,23,-1,-1
436,2587,54,374,35,27,-1,-1
436,2588,123,378,34,25,-1,-1
436,2589,99,381,29,23,-1,-1
437,2587,54,374,35,27,-1,-1
437,2588,123,378,34,25,-1,-1
437,2589,99,381,29,23,-1,-1
438,2587,54,374,35,27,-1,-1
438,2588,123,378,34,25,-1,-1
438,2589,99,382,29,23,-1,-1
439,2587,54,374,35,27,-1,-1
439,2588,123,378,34,25,-1,-1
439,2589,99,382,29,23,-1,-1
440,2587,54,374,35,27,-1,-1
440,2588,123,379,34,25,-1,-1
440,2589,99,382,29,23,-1,-1
441,2587,55,374,34,27,-1,-1
441,2588,123,379,34,25,-1,-1
441,2589,99,382,29,23,-1,-1
442,2587,55,374,34,27,-1,-1
442,2588,123,379,34,25,-1,-1
442,2589,99,382,29,23,-1,-1
443,2587,56,374,33,27,-1,-1
443,2588,123,379,34,25,-1,-1
443,2589,99,382,29,23,-1,-1
444,2587,56,375,33,27,-1,-1
444,2588,123,379,34,25,-1,-1
444,2589,99,382,29,23,-1,-1
445,2587,57,375,33,27,-1,-1
445,2588,123,379,34,25,-1,-1
445,2589,99,382,29,23,-1,-1
446,2587,58,375,32,27,-1,-1
446,2588,123,379,34,25,-1,-1
446,2589,99,382,29,22,-1,-1
447,2587,58,375,32,26,-1,-1
447,2588,123,379,34,25,-1,-1
447,2589,99,382,29,22,-1,-1
448,2587,58,375,32,26,-1,-1
448,2588,123,379,34,25,-1,-1
448,2589,99,382,29,22,-1,-1
449,2587,58,375,31,26,-1,-1
449,2588,123,379,34,25,-1,-1
449,2589,99,382,29,22,-1,-1
450,2587,58,375,31,26,-1,-1
450,2588,123,379,34,25,-1,-1
450,2589,99,382,29,22,-1,-1
451,2587,58,374,31,26,-1,-1
451,2588,123,379,34,25,-1,-1
451,2589,99,382,29,22,-1,-1
452,2587,58,374,31,26,-1,-1
452,2588,123,379,34,25,-1,-1
452,2589,99,382,29,22,-1,-1
